4
7 2 4 9
3 5 9 3
9 5 1 8
2
2 4
9 8
2 1
2
7 2
7 6
2 6
2
2 7
7 6
6 2
3
2 2 2
2 1 2
2 2 2
4
79 28 55 63
16 77 73 07
35 43 26 22
4
5 5 5 5
2 5 5 2
5 5 5 5
4
7 2 4 9
3 5 9 3
9 5 1 8
2
7 4
2 3
6 7
3
9 7 1
1 8 6
4 4 2
5
9 7 1 7 4
1 8 6 2 3
4 4 2 6 7
5
72 24 23 58 06
63 81 79 68 42
05 82 89 60 24
10
94 09 48 92 96 72 24 23 58 06
99 27 13 53 98 63 81 79 68 42
29 84 20 45 69 05 82 89 60 24
13
40 76 32 94 09 48 92 96 72 24 23 58 06
92 28 95 99 27 13 53 98 63 81 79 68 42
17 77 19 29 84 20 45 69 05 82 89 60 24
10
3 4 3 3 8 7 8 4 6 1
4 2 6 2 5 3 9 1 9 2
6 8 3 3 2 2 6 6 6 3
10
7 1 8 4 4 6 6 5 5 6
6 4 5 7 6 8 8 1 7 6
3 2 9 5 6 4 6 7 3 9
10
3 4 9 6 3 1 8 3 6 2
6 9 9 1 5 8 7 2 8 2
5 2 7 7 6 2 2 9 6 2
10
8 7 4 5 1 8 6 8 7 5
6 4 5 5 1 4 2 2 6 9
7 1 6 3 6 9 7 4 1 3
10
8 8 5 5 4 8 3 5 9 8
4 2 2 7 9 6 3 1 8 9
8 8 8 3 8 4 3 5 4 7
10
4 6 7 9 8 9 4 6 7 8
3 2 8 8 9 4 2 1 7 7
9 5 2 5 7 7 7 9 4 7
10
9 9 9 7 1 7 4 5 9 6
2 8 1 8 6 2 3 5 1 3
9 5 4 4 2 6 7 2 4 7
100
57 34 65 78 64 28 92 56 79 80 43 69 16 2 45 76 99 83 42 50 15 56 68 14 96 16 38 24 55 54 99 8 44 67 42 22 36 19 31 26 17 17 15 24 41 38 99 78 89 42 63 89 51 79 19 91 23 78 14 11 27 83 41 80 73 30 12 36 22 93 51 71 1 35 19 88 50 11 63 25 14 28 76 23 97 60 15 6 1 95 61 4 17 85 49 70 26 40 6 32
44 56 30 64 62 1 48 5 94 16 89 36 82 81 26 71 6 74 26 12 98 18 67 10 59 50 28 31 96 98 98 39 58 81 71 40 99 48 8 59 87 14 28 69 63 82 70 93 5 23 83 71 14 5 74 37 89 16 29 95 2 96 22 80 71 56 71 71 92 77 3 30 51 70 47 82 47 1 51 90 72 90 50 77 62 23 64 35 70 90 6 49 39 12 13 5 92 75 31 74
92 88 93 91 77 67 25 39 35 66 50 81 34 18 99 48 17 33 7 16 99 98 79 4 21 15 17 58 2 4 20 22 12 33 21 25 89 8 25 63 31 27 55 4 81 67 10 98 56 38 80 46 49 64 40 47 54 60 19 20 58 94 23 73 88 85 96 83 91 4 53 24 48 16 1 7 32 18 60 58 78 2 70 37 60 22 97 91 9 83 42 94 8 72 4 32 50 42 60 52
100
42 48 4 64 44 86 22 63 88 63 20 63 45 55 11 82 4 78 36 13 17 99 66 52 56 63 67 94 70 47 29 78 98 74 80 82 43 95 89 67 62 16 71 31 51 54 42 21 56 96 25 79 69 80 12 18 29 10 55 50 89 29 81 86 92 93 1 29 94 30 50 50 77 21 25 71 55 27 75 14 74 16 51 79 53 53 55 31 77 19 94 65 46 59 40 66 80 37 84 80
33 69 53 83 38 91 32 88 22 89 98 78 72 20 81 22 52 83 97 44 13 84 21 2 5 61 6 50 15 53 19 22 51 23 70 15 1 49 25 43 35 32 79 23 87 19 64 60 27 56 62 73 54 73 48 49 30 97 69 48 99 16 19 92 94 91 24 75 83 56 53 71 14 71 5 27 71 86 56 72 47 58 64 28 4 63 89 70 2 17 97 92 64 2 46 58 61 84 85 9
89 90 24 79 97 93 28 51 53 21 83 46 78 58 94 55 71 36 57 65 78 10 76 32 18 73 40 40 19 85 2 7 67 5 55 10 43 52 45 61 29 41 42 77 57 71 68 68 74 55 94 47 69 80 28 21 22 16 4 72 30 67 78 33 92 13 34 55 85 47 80 97 28 29 14 21 96 58 10 27 33 68 70 46 88 54 10 90 59 81 90 4 1 45 91 70 73 66 83 61
100
15 77 5 69 10 90 29 58 92 66 88 53 13 4 53 14 96 96 63 83 88 25 55 42 34 93 64 54 82 64 35 74 7 55 60 65 21 60 60 54 56 20 89 12 73 99 3 56 32 66 40 76 32 94 9 48 92 96 72 24 23 58 6 79 78 16 12 7 98 51 37 98 40 80 30 54 60 15 63 82 34 77 7 87 25 45 39 53 93 49 99 67 3 72 82 77 1 74 19 35
37 17 3 39 4 9 39 1 10 91 71 62 45 97 11 60 96 4 20 35 91 10 35 81 49 32 28 48 28 65 18 6 81 69 2 12 65 30 50 88 93 61 49 96 11 58 10 5 40 45 92 28 95 99 27 13 53 98 63 81 79 68 42 32 95 21 96 64 90 91 69 54 66 51 50 32 66 91 81 54 78 33 48 65 87 52 53 40 22 30 89 56 54 78 32 47 69 69 18 56
70 23 61 5 69 2 50 56 3 95 4 74 42 63 78 88 61 96 82 22 65 33 94 1 89 82 6 2 77 1 45 65 46 86 4 6 24 93 6 23 31 9 87 58 40 79 5 68 65 13 17 77 19 29 84 20 45 69 5 82 89 60 24 80 3 33 65 46 97 87 67 15 35 23 9 3 28 78 3 86 67 3 53 50 74 47 96 80 46 53 93 67 30 17 10 85 25 57 45 46
100
38 59 53 76 3 10 69 64 91 9 1 57 35 50 7 85 51 3 50 68 42 39 63 97 2 2 44 40 18 30 45 34 91 84 63 20 59 63 75 88 18 34 56 73 17 76 68 18 82 2 79 14 15 77 55 5 28 48 68 34 84 63 93 48 94 72 77 92 70 83 37 20 66 4 27 22 46 5 22 53 37 54 91 71 33 84 3 32 89 2 64 56 78 42 10 32 43 77 90 5
60 68 81 97 57 97 14 13 57 12 68 47 56 91 14 85 26 34 5 7 70 25 31 46 10 63 13 39 27 57 8 45 83 32 98 24 36 57 85 73 17 68 61 8 25 94 69 9 13 27 6 45 82 78 85 26 19 84 79 36 62 96 2 25 21 39 82 4 60 94 93 64 56 15 1 94 66 41 37 83 61 37 97 59 36 5 6 40 8 49 41 23 72 97 28 41 39 84 28 88
74 9 56 43 41 82 53 4 66 57 32 5 83 12 45 38 44 67 99 77 49 31 28 28 69 12 88 48 42 66 2 63 92 63 44 90 19 55 63 85 3 72 96 39 76 65 28 96 1 13 6 83 38 55 59 56 89 59 57 48 26 95 89 46 76 58 25 30 26 1 32 49 40 91 83 4 99 39 3 20 91 79 31 74 23 39 76 76 22 73 69 95 98 38 89 44 19 88 7 45
100
60 33 27 69 5 85 68 37 82 25 86 80 74 23 15 31 90 5 16 77 7 40 54 39 11 58 10 99 27 88 58 90 95 12 62 10 27 70 39 1 79 73 60 25 86 1 26 87 27 20 34 78 4 85 40 35 57 2 6 14 2 58 8 79 17 27 76 30 73 23 16 71 63 65 85 61 20 78 1 16 22 6 73 74 48 2 98 29 78 93 1 36 20 75 28 90 29 85 22 25
32 81 80 7 49 67 43 86 50 64 90 95 57 65 79 66 64 70 67 14 44 58 78 60 28 94 10 22 30 77 16 43 12 72 85 43 61 44 99 53 99 93 74 76 41 94 46 12 85 15 7 28 25 71 31 68 19 26 94 99 57 83 28 18 58 41 6 94 45 62 84 46 61 43 73 38 18 9 21 56 7 32 31 54 54 20 94 79 19 14 20 99 62 17 23 1 27 4 67 8
3 48 86 94 82 71 10 38 36 42 47 4 52 78 92 53 84 99 40 56 78 78 19 41 11 28 21 10 34 80 4 65 75 28 77 26 73 11 7 38 79 67 62 48 7 11 18 93 16 18 46 7 60 58 25 2 63 57 50 62 82 82 8 88 68 51 46 26 1 85 97 52 63 99 18 44 9 92 99 7 34 41 26 56 19 36 43 80 13 13 84 24 78 64 88 74 4 57 54 49
1000
88 96 72 59 58 42 99 14 65 54 97 50 51 87 33 64 46 60 28 64 87 28 41 84 47 31 13 77 77 15 48 38 89  3 59 58 72 63 90 71 38 22 46 81 93 57 47  9 58 42 41 36 66 53 15 43 77  3 81 34 11 39 60 34 13 10 59 25 92 30 93 85 36 47 95 77  5 74  8 28 27 70 56 94 79 25 24 50 28 74 61 96 34 51 63 52 31 14  1 35 26 17 38 30 64 78 62 80 16  1 72 54  8 66 87 36 20 43  6 44 65 54 63 56 55 52 59 29 70 47 48  2 73 81 56 58 11 94 84  1 50  5 59 71 19  1 20 45 60 75 25 78 27  2 58 56 64 19 27 15 45 25 96 79 33 91 58 19  2 70 38 58 87 68 28 88 28 27 56 60 22 31 48 13 32 11 60 54 78 30 15  4 34 52 76  3 57 50 62 83 88 29 86 86  4 74 26 30 44 94 10  9 52  2 23 79 94 67 78 73 91 27 63 17  7 15 75 53 66 87 31 45 23 11 77 74 76 53 82 59 86 25 88 33 92  2 30 70 74 45 81 74 74 66  9 66 64 33  5 53  5 74 64 37 87 18 83 74 78 76 66 98 50 93 33 64 55 86 15 75  9 34 47 22 83 95  4 70 35  1 44 83 47 71 13  4 80 71  1 63 44 24 99 65 51 29 41 27 89 62 10 55 85 39 17 59 96 26 53 51 18 79 46 38 76 17 17  3 84 63 70 45  3 10 27 52 59 41 39 66 59 71 33 59 17 19 25 79 83 33 44 83 32 86 28 12 73 47 87 75 71  1 56 33 94 58 38 80 40 73 44 99 24 71 69 91 21 55 46 13 93 45 97 23 39 32  7 94 98 48 24  7 96 52 73 49 67 49 61 13 49 81 85 11  7 97 37 92 34 10 24  7 74 65  2 88 84 47 44 25 95 53 40 96 40 94 49 14 44 28 95 48 50 20 92 59 74  7 22  7 17 79 93 17 14 83 85 28 81 85  6 50 62 69 59 99 12 52 26 73 53 56  9 57 95 68 63 37 18  5 21 41 92 33 98 96 10 12 72 25 29 79 51 20 58 31  2 66 37 31 33 66 67 47 97 25 15 61 92 14 21 76 45  7 71 94 17 91 58 22 60 98 81 79 34 20 79  8 34 87 74 59 72 75 79 41 96 95 66 67 72 79 53 74  6 77 26 53 62 47 82  5 85 55 41 81 25 20 67 23 36  3 31 23 61 11 86 54 48 67 13 65 61 36 37  8 95 98 48 38 85  4 71 19 23  5 93 93 61 54 82 38  2 25 14 96 36 55 23 79 25 69 49 57 33 86 35 22 48 31 33 39 76  8 53 75 65 55 87  6 94 42 24 36 78 50 62 64 64 54 95 52 19 74 45 95 75  4 32 47 61 53 66 65 58 28 93  6 32 56 53 20 91 21 90 70 24 42 33 60 40 74 72 73 74 27 56 42 72 62 11 48 29 78 49 68 70 63 19 69 72 29 38 46 23 19 10 38 20 42 53 84 94 10 59 96 92 75 40 47 59 72 45 41 44 37  6 94 53 69 59 41 73 53 19 87 86 57  5 79 83 28 37 22 72 36 45 67 80 38 49 41 34 74 72 20 71 90 19 98 25 71 37 34 89  5  8 78 50 69 11 31 48  7 65 76 26 24 37 36 62 71 19 66 46 18 84 48 28 80 82 93 46  7 49 11 55 93 37 16  8 62 62 91 46 66 22 71 93  6 46  9 52 56 38 16 56 19 18 38 19 32 63 66 95 45  6 32 37 38 58 50 67  3 99 46 37 31  7 78 81  5 81 91 71 20 13 97 61  4 29 24 73 90 72 15 20 26 78 80 64 24 80 47 42 34 51  9 69 16  1 17 19 90 80 61 40 36 13 41 93 14 85 10 58  4 52 55 97 97 76 28 75 13 59 29 64  8 62  7 75 62 94 79 34 32 63 15  8 87 23 88 81 19 56 15 64 37 79 70 78 64 58 92 79 38 10 94 44 68 57 98 77 55 89 31  9 59 13 72 53 96 44 47 89 69 99 99 95 43 78  1 32 26 42  9 18 47 77 90  3 48 84 32 64 68 54 15 40  8 66 50 44 24 36 42 20 63 47 60 11 61 52 86 86 32 84 20 26 32 15 77 65 99 70 24 62 50 43 54 64 13 74 82 34 35  6 90 92 73  1 33 79 67 17 55 58 41 44 62 23 93 39 56 56 53 74 92 53 52
85 63 34 47 19 98 42 16 98 21 82 62 19 80 95 53 61 69 80 72 95 71 79 10 82 73  1 98 40 21 44  4 33 35 22 23 34 87 71 94 80 84 39 67 13 35 85 68 12 96 29 68 59 99 23 46 25 91 88 16 47 34 24  7 69 42 75 39 80 88 87 70 12 10 62 68 30 67 87 73 15 54 25 70 59 32 22 36 28 41  1  8 78 40 97 23 83 33 25 91  7 62 67 78 90 76 63 41 55 18 29 66 30 85 65 72 14 33  2 31 29 42  1 79 56  3 27 22 19 17 24 30 78 21 85 53 11  5 82 75  6  4 69 20 35 84 10 16 35 73 51 27 67 88 27 40 19 22  6 67 56 63 43 80  1 11 68 15 85 81 81 87 17 39 43 93 48 80 90 50 66  3 36 29 49 28  4 36 64 85 76 47 95 78 94 93 91 60  8 81 74 84  4  1 45 14 60 52 65 50  3 23 58  1 36 20 48 87 74 17 19 29 69 31 77 98 31 88 53 86 22 75 89 58  5 15 64 83 14 55  3 96 98 64 28 57 64 54 48 88 58 13 84 48 80 95 67 65 45 15 94 65 85 69 90 96 54 30 57 10 54 65 56 65 61 78 99 56 22 61 26 35 17 68 13 32 77 63 26 13 55 77 66 56  1 32 80 40 11 96 19 22 45 16 86 13 92 32 28 68 29 78 57 64 57 80 52 45 36  6 11 39 10 39 32 86 46  5 67 23 48 82 51 40 18  7 83 17 75 62 63 61 87 72 88 80 29 76 20 38 16 69 66 82 48 36 41  9 65 76 38 12 75 82 66 92 84 48 90 42 50 67 49 14 46 15 16 53 64 21 58 85 60 57 68  2 99 83 65  1 23 99 99 86 14 48 84 17 49 47  6 40 75 15 28 35 56 38 32 88 30 54  2 75 32 34 29 34 31 15 21 30 99 90 26 40 39 46 33 49  3 27  7 24 73 56 95  6 53 39 88 84 93 51 32 25 79  9 67 73 37 80 50 94 80 80 84 94  3 65 51 90 75  5 99 54 90 35 53 25 42 69 97 43 13 11 57 26 42  8 44 34 76 96  9 98 59 53 41 52 21  3 92 65 15 85 62  4 42  2 16 62 76 73 99 74 46 85 60 38 70 35 64 14 51 66 82 11 26 22 81 49 28 53 27 63 96 21 22 52 45 48 22 24 64  8 30 39 84 23 85  5 99 40 28 52 29 21 32 66  3  9 86 63  4 51 42 65 61 94 24 35 58 10 79 35 65 10 53 13 97 58 81 17 43 63 63 92 14 49 72 35 37 43 31  6 71 99 54 59 93 67 35 35 12 23 42 15  5 62 20 74 93 98 93 96 11 68 11 43 62 59 50 59 55 81 31 62 55 86 11 30 26 28 40 33 22 28 99 83 80 84 73  5 24 88  6 31 83 88 69 20 34 99 89 29 70 41 18 61 21 74 97 47 76 32 73 90 18 30  1 66  4 31 77 30 72 52 41 33 88 41 20  7  3 39 15 48 38 43 77 36 84 61 41 30 15 42 39 97 53 25  5  8 17 15  6 59 98 99 98 35 35 40 92  7 97 93 49 25 93 85 85 32 73 31 25  4 79 34 65 42  4 49 49 95 36 41 52 82 63 55 55 29 67 11 18 80 95 15 84 61 19 23 22 41 83 77 91 33 82 32 65 64 77 32 61  9 91 69 78 42 15 92  7 25 45 79 18 97 56 24 40 64 85 62 93 35 81 16 53 45 17 92  6 22 11 40 68 57 91 60 16 75 60 34 76 62 72 66 83 82 13  2 81 47 46 77 26 47 90 56 10 41  8 24 93 21 51 37 57 37 70 94 91 47 78 53 46 42 41 64 99 44 73 41 24 77 83 50 45 58 44 71 45 84 85 53 76  7 52 46 49  4 58 37 92 26 39  8 71  8 24 13 42 21 25 38  7 83 17  6 66 11  8 33 52 85 13 29 54 65 40  9  8 46 53 96 77 59 44 25 23 41 82 58 31 17 11 55 55 32 68 79 41 53 65 42 43 59  8 60 11 14  4 60 59 79  5 19 23  5 98 81 87 17 11  9 49 32 17 22 98 52 83  6 21 95 83 20 52 75 43 24 42 11 48 91 50 36 99 72  2 36 87 37 17 79 31 84 38 92 66 90 81 23 12  6 94 95 41 82 67 95 32 69 20 26 64 37 29 79 55 89  5 37 80 87 44 53 88 49 28 82 58 71 43 37 37  2
12 65 25  7 32 89 94 12 52 55 91 41 48 17 22 77  9 45 51 53 17 93  6 43 57 67 72 76 71 97 75 56  2 93  8 60 61 35 95 27 62 79 56 51  3 39 87 85 63 83 25 85 11 71 54 99 46 17  4 63 39  2 19  4 84  3 77 20 70 19 84 14 84 85 36  7 77 44  1 57 33 63 30 12 88 93 60 59 27 31 35 99  6 57 47 26 49 27 46 59 76 98  4 88 65  5 80 20 42 97 88 33 74 50 84 99 93 53 52 77 51 56 73  1  7 90 89 21 55 96 40 26 28 68 79 14 87 39 65 76 48 85 81 28 44 18 95 71 16 26 22  5 51 95 17  8  8 89 43  7 85 68 24 95 16  6 97 87 94  4 14 45 70 89 63 69 51 55 76 14 92 88 41 88 57 38 66 34 46  9 49 27  6 60 42 91  4 92 66 56 44 20 19 60 69 57 95  3 48 71 89 50 73 78 84 42  6 56 88 51 38 56 40 82 24 24 87  7 35 45 49 68 69 85 71 47 72  1 89 76 60 45  1 15 16 99  7 12 74 28 22 41 57 15 12 75  8 26 65 83 63  1 86 89 35 50 63 21 86 90 48 66 44 70 57 78 61 39 35 45  4 29 17 91 17 39 84 70 19 50 18 79 70  3  7 37 42 63  5 13 43 69 32 97  3 60 89 81 28 41 17 31 84 57 36 52 88  5  9 68 21 53 13 24 95 87  2 69 13 79 21 73 46 64 41  4 22 33 26 23 81  2 57 52 90 15 95 43 26 20 23 10 76 94 21 28 49 20  2  4 12 75 53 12 81 31 81 82 48 60 28 39 50 11 45 17 92 25 33 20 56  6 77 70 35 31 37  2 43 45 22 94 66 55 51  9 18 76 63 83 16 97 49 56 72 22 54 80 19 19 52 78 38 22  5  1 13 10 85 29 14 14 92 39  3 78 54 58 51 27 83 92 98 78  7 37 25 52 26 64 93 40 74 44  5 56 62 65 53 90  2 27 51 94 82 18  3 32 78 88 75 73 26 71  7 98 82 75 80 31 44 71 35 32 75 73 93 95 20 99 75 99 64 97 24 59 75  1 72 79 88 20 70 53 75 56 22 44 34  8 19 70 71 74 10 32 27 49 21 13  1 85 30 87 13 32  4 82 69 72  7 20 70 84 17 24 25 28 69 26 26 62 97 83 97 16 58 52 16  6 56 64 95 48  7 33 30 24 99 94 19  9 94 24 91 88 55 58  2 59 29 52 89 42 69 22 31 88 78 81 79 10 81 10 24 63 68 39 88 32 82 33 91 91 20  4 64 55 36 46 91 15 81  6 95 15 40 70 21  5 76 54 19  9 83 10 45 76 51 88 75 48 13 94 76 61 73 33 97 78 32 98 74 18 99 73 44 53 96 50  7 73 78 35 11 18 79 79 43 54 55 90 80 23 78 37  6 30 95  8 45 90 48 80 67 90 68 48 77  2 72 79  4 40  6  7 20 70 67  3 53 33 30 66 56 93 24 99 35  5 11 76 51  5 75 33 70 58 58 22 14 53 61 60 14 52 16 38  1 17 83 11 57 99 48 56 46 53 74 92  3 82 94 93 78 99 63 24 30 23 14 32 95 88 95 94 87 85  3 61 85 79 22  5 25 79 49 38 84 48 81 74  6 63 38 31 55 78 12 86 93 90  5 82 66  3 61 54 92 89 59 45 96 66 37 65 23 44 12 86 67 10 46 12 14 17 35 34 86 44  8 94 84 80 98 51 55  5 72 58 31 90 16 60  5 28 18 95 75 32 65 46 83 93 62 30 91 97 75 39 79 78 66 30 79 92 83 57 86  4 92 14 78 28 21 57 33 74 35 41 80 93 22 16 29 85 41 51 98 75 69 11 67 23  7 66 86 46 15  7 20 60  7 73 69 36  3 20 19 53 68 66 83 44 94 70 81 88 61  1 68 38 55 60  8 64 60 57 50 77 18  5 82 42 49 33  1 65 86 31 95 67 19 86 13 38 87 13 39 86 89 18 68 16 51 84 93 19 94 44 31  8 12 47 55 19 74 69 73 50 76 40 36 54 70 60 72 57 89 23 53 93 36 50 49 52 98 63 49 33 65 64 27 84 82 87 47 81 84  4 61 98  2 16 36 17 55 56 77 15 47 43 96 76 77 13 61 18 24  4 21 72 97 81 77 76 94 60 11  5  5  6 24 62 25 95 45 18 79 56 67 82 38  1 28 59  3 57 75 64
1000
27 37 76 30 92 12 81 42 30 99 65  8 12 35 36 94  9 53 37 12 34 35 59 22 12 20 17 96 54 16 62 18 57 56 74 28 54 68 30 67 82 11 46 83 11 20 58 15 57 41 24 41 60  7 74 43 42 95 30 48 67 23 75 22 36 99 50 22 51 21 37 63 73 29 72 19 61 52 39 38 18 34 29 83 31  2  3 78 48 50  3  8 12 39 91 12 55 91 81 18 90 50 80 28 13 41 29 72 60 48 50 23 30 93 76 60 60 36 39 66 22 47 73 29 35 45 57 30 20 22 57 92 39 28 41 95  5 79 73 66 77 17 43  1 57 89 59 84 27 28 73 53 21  7 70 11 99 24  7 99 92 75 37  2 44  1 74 18 78  3 58 12 24 80 54 83 78 58 22 70 53 66 33 19 79 45 10 89 35 40 59 14 41 15 14 19 99 84 54 38 74 26 85 58 89 18 31 86 37 36  4  5 61 57 83 14 80 57 16 83 80 81  4 85 19 99 49 48 31 62 55 25 46 53 58 82 31 57 90 26 51 91 30 55 21 12 95  6 27 85 39 31 26  9 60 37 43 67 31 72 10  6 19 71 25 46 68 94  1 93 16 12  1 74 35 52 45 14 51 55  5 48 39  4 60 79 27 17 93 44  3 75 81  1 38 60 98  1  3 73 24 38 79 35 53 31 28  1 91 22 32 99 30 68 32 98 28 56 16 79 27 28  4 89 40 73 55 87 56 72 63 54 50 22  3 41 88 47 31 74 20 63 30 54 83 30 15 99 56  4 49 84 93 88 94 36  3 49 44 71 39 87  9  3 20  4 40 97 53 65 23 37 31 58 57 36 37 61 49 47 25 67 66 56 75 42 77 75 43 90 29 12 61 19 16 57 18 51  2 61 92 22 57 37 77 26 72 90 64 36 23 48  4 42 88 71 44 62 13 59  9 76 83 27 43 41 66 77 49 16 10 16 52 59  6 41 66 42 88 53 44 98 76 92  3 20 83 91 17 37 35 77  9 71 51 35 98 46 35 37 81 80 84 27 24 50 63 39 10 49 43 13 39 13  5 38 30 30  1 45 32 75 56 29 89 14 79 41 56 53 25 23 33 19 53 67 78 22 83 86 82 43 92 86 94 32 21 76 39 55 82 34 48 60 66 80 63  7 36 46 21 71 94 96 13 95  5 44 44 61 62  3 28  8  4 45 80 98 99 76 75 45 83  3 34 57 28 33 41 29 59 54 58 38 26 47 13  6 78 12 56 37 75 37 58 12 70  2 60 45 71  7 45  3 49 32  3 59 65 87 13 52  4 37 47 42 99  1 43 45 61 88 63  8 40 78 19 73 13 64 30 53 11 38 53 57 72 74 25 83 49 31 33 59 84 57 47  7 92 49 32 17 45 50 10 33 52  9 41 73 13 81 47 96 76 31 68 40 60 53 80 22 77 13 46 87 43 66  1 52 95  9 62 74  2 15 60 70 27 36 58 35 14  7 48 37 28 80 70 17 50 64 14 25 47 16 32 76 21 69  3 25 55  4 65  1 88 35 19 95 27 54  2 61 85 82 60 28 10 70 20 26 30 61  4 54 17 58 79 16 17 50 73  4 25 84 71 16 92 65 70 94  3 78 73 45 36 34 90 42 99 85 96 99 30 46 46 63 76 77 79 23 85 69 91 85 44 70 99 25 10 28 29 60 94 21  1 14 80  3 17 23 49  5 77 61  1 28 49 29  3 23 58 12 14 23 57 28 39 24 97 10 33 69 13 99 75 25 53 53 77 53 53 63 55 81 79 11 75  9 47 49  2 57 18 82 20 71  2 73 23 57 54 29 15  9 11 19 29 53 43  1  5 42 15 99 40 94 26  7  3 12 16 57 73 57 11 24 57 33 22 50 54 57 35 91 13 71 87 23 88 27  4 59 12 71 63 36 75 85  9 15 80 57 17 16 28 22 50  9 20 44 66 37 69 49 81 28  6 30 67 98 11 28 46 23 21 78 44 80 84 67 45 59 51 76 42 32 40 81 30 24 62 95 44  7 69 86 62 25 25 15 89 13 89 44 70 21 72 24 15 14 16 16 42 44 94 59 77 39 70 11 82 96 22  6 95 39 11 69 73 78 15 36 92 86 30 73 90 45 51 13 54 80 86 46 60 70 96 63 78 13 88 47 47 20 48  5 76 11 16 88 86 87 35 79  5 84 48 77 91 30 54 28 63 95 85 49 69 36 96 35 62 44 93 15 84 14 36 36
94 50 10  3 55 80 86 12 70 95 24  2 99 87 18 64 59 74 55 32 22 14 22  8  8 53 27 49  4 81 77 73 83 73 72 44 62 89 83 60 43 11 12 31  6 16 97  6 54 99 51 19 19 26 12  7 72 64 79 20 16 74 16 59  5 82  4 54 19 37 29 96 49 95 67 19 74 57 27 99 14 92 47 34 67 98  1 21 20  2 92 79 20 71 85 45  9 58 24 43 28 72 58  4 14 74 40 47 26 17 97 47 23  9 30 76 46 99  7 99 62 62 61 87  2 64  1 72  8 90 78 80 83 53 88 42 42 84  8 68 86 45 28 28 21 74 62 49 87 59 88  1 22 19 13 54 82 69 15 42 11 14 70 21 28 33  7 94 67 63 52 73 37 86 75 20 35 29  2 96 31 83 91 79 89 78  6 95 60 18  2 25 82  3 13 46 52 11 93 18 72  4 70 34  5 65 98 49 97 85  1 92 96 50 75  8 20 76 99 66  4 94 38 65 37 32 89 52 57  4 86 77 65 22 50 88 66 62  1 43 60 31 74 32 56 85 15 55 14 45 33 26 64 46 14 38 96 24 58 47 65 55 45 75  8 20 80 84 90 30 90 26 87 48 42 77  5 33 93 86 34 89 98 90  6 40  7 60 47 60 41 97 70 87 90 62 30 45 91 81 89 75 53 95 34 34 22 17 23  1 75 24 29 50 99 99 76  6 17 92 69 70 71 82 52 70 43 57 92 46 71 84 23  4 22 42 26 70 13 54 64 93 56 34 66 93  9 66 83 87 59 96 90 79 30 95 33 44  8 39 18 30 91 69 92 17 51 81 24 14 41 27 16 40  1 66 79 46 23 62 18 33 99 52 68 57  9 65 96 70 88 47 74  9 12 25 99 84 24 82 61 86 71 75 72 99 63 27 28 94 16 83 89 48 74 44 34  9 13  4 33 17 35 63 48 64 97 77 89 53 17 49 87 11 86 86 21 44 79 93 84  9 70 26 92 14 36 34 58 55 47 93 71 73 14 87 50 79  7 43 61 41 31 74  4 59 50 39  3 39 54 83  8 39 17 66 95 66 86 61 48 82 61 91 27 15 32  2  1 91  6 60 68 78 85 52 55 31 28 13 95  9 26 43 51 41 71 49 60 17 27 49  6 62 80 72 22 89 68 36 81 40 33 57 79  5 35 78 54 44 72 68 95 75  4 93 84 59 51 75 83 73 26 50 12 54 73 88 51 46 48 10 33 94 19 77 20 43 88 72 60 48 90 33 85 95  9 22  9 51  7 83 64 63 72 72 35 63 42 74 92 94 58 75 45  7 32 69 97  9 59 28 61 80 75 34 16 75 73 92 10 59 23 64 98 83 49 64  9 84 24 68 76  5 72 56 74 41 76 15 86  9 69 69 43 15 10 38 85 70 36 16  8 44 36 47 97 50 10 69 21 11  5 66  2 31 37 65 53 10 44 22 11 73 28 24 40 59 28 46 25 73 14 64 22 43 41  7 39 53 69 50 52 29 80  2  8 92 56 22 52 98 98 63 78 65 46 14 81 55 63 85 69 90 61 15 63 95 76 72 32 37 87 73 50 66  4 68 83 64 40 62 98  7 13 85 11 41 35 67 29 18 59 71 43 94  9 36 19  5 30 44 18 74 79 64 48 30 69 46 46 16 64 27 75 66 30 45 35 85 34 37 84 85 43 53 44 63 76 25 58 53 22 92 93 62  9 22 15 99 20 83 56 89 74 67 67 65 13 20 62 77 10 49 10 98 73 31 24 22 84 82 70 61 83  3 53 23  8 14 38 18 66 86 88  1  5 12 76 77 80 76 32 51 15 54 22 97 70 55 72 34 30 15 79  1 35 73 76 22  1 23 68 25 27 54 59 90 54 45  4 73 46 67 43 95 93  3 75 48 86 12  9 21 53  6  4 42 60 60 14 74 17 67 67 89 81 27 86 91 70 73 83 48 55  8 48 13 56 31 31 84 75 81 52 28 94  1 15 69 65 99 27 97 48 87 26 92 60 84 27 51 86 74  2 25 87 96 35 52 96 77 32 75 21 65 17  4 16 54 13 24 46 47 30 38 66 97  7 10 42 44 42 70 68 49 53 79 10 85 72 94 81 91 37 23 17 19  4 47 11  1  9  1 33 18 66 31 86  8 20 34 65 16 26 99 16 61 81 37 63 14 50 88 83 88 74 61 59 26 83 52  9 90 30  6 51 23 26 65 14 97 45 94 75 66 78 46 78 58
66 93 84 85 68 67 82 91 55  2 52 95 76 21 43 33 40 44 54 19 56 50 14 83 93 45 73 31 31 32 11 97 88 18  3  7 25  9 20  9 98 94 41 94 54 82 11 20 52 61 67 67 34  4 75 19  4 15  3 31 29 83 60 64 47 47 46 80 76 60 98 23 28 98 62 96 30 89 15 56 82 35 18 77 32 44 91 96 67 38 38 35 53 58 88 67 48  2 25 43 56 29 66 98 62 96  7 76 34 79 85 57  4 11 67 71 35 90 36 84 13 67  7 61  6 92 22 36 48 67 26 67 89 23 28 91  5 13 23 10 22 59 85 69 98 90 24 38 67 89 61 50 17 32 21 68 24 11 25  8 77  8 81 16 78 61 27  4 98 65 96 45 64 43 90 46 61 62 64 17 53 14 92 37 48 96 38 25 87 48 30  7 98 49 67 42 53 37 95 23 94 40 20 40 29 91 66 56 73 81 47 49  5 26 34 25 52 82 29 70 21 10 70 18 51 74 44 56 14 48 35 96 86 78 93 93 84 29 16 37 25 96  8 63 19  3 76 39 94 51 76 22 93 83 71 31 60 14 53 28 32 82 79 26 49  3 36 55 93 49 10 83 25 31 74 51 28 91 22 34  1 86 88  7 47 61 52 16 93 28 47 67 47 62  1 61 60 51 30  3  9  8 97 97 40 99 43 49 50 82 98 36 81 12 34 23 78 16 73 46 88 96 70 38 16 52 74 23  1 35 61  4 61 90 15 48 40 83 84 20 84 76 13 73 63 19 94 30 69 13  8 50 48  3 79 34 64 30  6 37 68 38 21 69 72 84 55 98 60 50 10 51 14 76 63 42 63 44 32 69 82 33 55 22 94  3 18 12 84 11 11 91 52  7 67 60 40 16 26 65 73 16 67 44 55 73 10 68 19 26 86  5 88 70 69 56 82 15 26 69 42 32 49  3  5 88 73 98 36 77  1 21 76 60 98  8 16 62 16  9 32 32 87  9 52 22 45 40 87 92 88 84 21 12 25  2 18 93 30 37 14 56 37 29 90 89 15 66 87 41 10 43 74 62 81 63 72 51  6 65 45 91 50 12 81 41 36 28 55 52 28 23  6 26 85 35 79 47 53 65 58 57 58 17  9 29 86 97 73 54 49 19 60 47 58 13 65 61 80 64 11 28  5 32 19 29 80 92 71 67 37 75 61 29 33 52 67 88 63 44 37 88 10 65 78 35 50 75 94 96 25 54 22 27 59 89 47 66  5 25 93 82 26  6 31 89 99 35 59 80 95 39 97 14 55 19 16 48 86 48 34 31 29 57 88 55 44 50 56 26 45 32 40 74 51 28 12 57  5 52 18  7 14 38 76 88 28  9 65 49 35 54 40 63 23 30 80 72 17 89 12 51 36 48 30 72 73 92 63 82 66 17 83 97 14 71 81 85  1 46 50 41 97 58 76 18 43 85 28 81 71 44 59 52 56 25 81  3 99 55 11 42 86 37 29 57  5 21 42 46 66 68 51 17 73 66 10  7 26 16  3 52 27 41 41 21 50 68 18 87 21  2 19 16 57 61 23 64 82 23  4 81 81 70 90 23 74  8 85 63 66 95 82 41 99 20  7 32 94  8 65 78 34 83 84 76 66  3 34 58 18 17 72 88  9 49 91 12 83 51 67 30 17 17 14 52 37 10  4 19 65 20 75 56 57 62 54 17 44  7 61  2 54 95  6 26 21 26 79 94 57 82 63 12 54 41 55 25 15  3 99 47 80 71 56 65 46 32 84 44 74 95 13 96 46 16 69 95 15 50 68 85 69 29 26 77  4 66 13 24 18  3 82 64 31 32 24 96 93 84  7 23 44 88 29 95 92 12 13 86 72 19 98 55 13 54 26 31 21  3 53 70 81 41 71 37 88  1 57 31 42 43 24  6 79 69 28 70 14 48 35 43 51 65 41 75 21 88 96 50 19 74 26 90  6 91 28 71 94 98 67  5 63 20 45 77  6 39 95 59 33  4 72 62 95 53 61 55 57 19 70 64 73 43 59 78 30 50 60 31 33 81 94 56 67 72 29 20  5 20 29 80 76 86 48 30 94 50 54 90 41 41 66 17 63 20 38  3 98 95 43 19 88  4 99 85 73 61 71 77 81 43 90 40 99 65 72  4 57  9 38 89 14 58 79 60 81 32 88  2 68 33 22 60 83 33 77 91 95 20 90 26 29 73 19 73 35 38 94 13 44 21  4 24 53 25 31 39 97 78
1000
39 43 10 11 27 70 94 87 89 37 13 19 71 76 23 39 78  2 52 35 92  7 98 84 45 48 32 71 92 16 80  8 69 67 58 25 97 91 50 22 90 69 45 31 14 58 98 94 35 31 40 41 43 29 35 29 36 35 26 48 94 60 81 23 48 81 54 91 73 40 26 65 92 91  6 24  9 39 49 67 86 31 12 47  5 36 48 75 77 12 52 52  6  8 60 88 77 59 36  6 32 19 97 87 27 71 67 18 53 33 25 76 14  8 20 41 84 47 58 51 11 67 74 90 91 54 80 62 81 74  9 79 95 22 94 11 24  2  7 92 74 38 41 84 84  8  5 18 32 19 84 15 86 99 26  7 38 47 67 43 37 45 86 53 47 22 29 59  4 23 65 54 87 68  2 67 88 32 54 18 98 77 55 63  7 19  1 51 78 98 98 29 53 21 98 90 46 50  7 63 78 66 69 41 83  9  7  1 10 14 82 96 48 63 48 44 20 74 73 24 49 94 85  2 54 61 66 48 50 45 11 87 85 69 83 10 34 66 95 47 43 47 30 34 99 27 57 40 83 70 75 51 73 29 78 20 52 71 49 33 31 19  1 10  3 27 31 40 29 45 77 92 44 16 77 52 44 49  6 61 96 77  7 18 84 25 52 26  2 34 68 29  1 56 43 43  2 82 25 38 33 26 77 52 13 86  2 74  1  8 68 19 83 52 92 77 38 11 41 83 47 76 81  7 24 60 69 97 10 92 81 36 78 54 81 50 34 67 14 17 21 59 57 94 49 38 92 84  1 39 22 15 63 63 52  5 40 30 86 73 74 11 36 16 68 35  2 55 33 40 50 97 55 88  6  5 93 76 45 92 14 92 78 67 64 93 62 13 93 58 87 14 59 35 55  8 22 55 33 87 83 77 64 82 50 58 11 42 97 14 66 28 24 28 89 81 26 47 16 99 45 96 37 82 29  1 35 24 33 87 34 92 49 24 46 62 27 16 89 31 56 98 80 75  7 89  9 99 84 34 95 50  5 16 31 98 70 18 95 72 67 35 96 83 64 40 61 46 76 29 79 51 91 92  6 50 54 83 62 59 14 71  9 65 52 42 56 93 20 57 81 91 64 60 37 43 54 37 99 98 33 56 73 70 20 51 79 18 32 16 53 37 17 82 75 40 59 84 13 27 94 85 47 65 94 43 92 97 97 77 59 96 78 54 61 57 85 39 34 54 35 71 70 71 76 25 15 34 25 45 38 32 48 46 24 74 12 39  8 53  9 43 36 16 11 14 40 91 54  8  4 81 89 82 97 46 15 34 79  6 87 19 93 14 36 91 16 30 54 46 55  9 85 80 41 55 62 44 32 63 73 93 96 34 56 31 46 42 32 89 69 31 68 74 43 79 93 61 55  5 60 95 44 15 76 20 32 78 55 76 37 65  1  8 86 99  1 31 71 52 36 11 16  6 86 15 20  7 25 98 73 95 10 30 37 26 88 62 75 83 28 23 27 73 77 17 74 95 27 51 31 67 58 65 31 20  1 36 62 67 14 32 57 59  3 12 86 93 38 44  8 22 94 40 59 28 90 34 69 16  9 18 99 23 57  8 26 13 22 60 41 85 33 93  5 82 41 42 66 44 39 73 35 11 67 61 41 84 72 94 43 22 74 72 54 23 23 45  4 14 62 62 58 25 85 83 70 17 68 61  4 11 32 35 46 19 23 44 94 85 92 34 97 90 91 66 97 12 42  4 21 48 58 69 46 47 46 90 12 66 96  6 48 37 36 76 46 37 23 59 96  4 77 72  1 13  7 60 50 38 85 51 11 32 98 64 25 75 12 51 26 32 93 27 11 56 64 51 96  7 81  4  7 79 27 83 55 49 70 39  9 47 50 12 88 52 65 48 65 27 85 59 76 89 81 62 33 18 57 59  4 70 88 70 57 53 78 69 19 46 35 15 27 97 23 13 16  3 60 18 19 75 50 32 25 69 48 82 60 90 61 27 93 41 82 39 70 87 27 29 62 83 32 82  3 71  3 77 37 29 47 10 27 59 77  8 50 21 16 72 13 35 46 95 30 22 71 97 87 84 22 20 75 10 21 33 78 24 32 91 90 22 79 22 34 26 27  5 64  7  1 16 72 44 62 58 46 27 99  9 65 88 30 35 15 97 19 24 23 32 99 46 87 18 43 47 52 14 77 20 21 72 29 74 76 33 34 74 83 52 84 13 64 78 43 61  4 75 98 22 61 75 57 62 48 55 86 70 34 99
67 83 17 53 52  8 13 18 82 61 75 73 82 50 10 65 64 33 69  7 68 94 70 20 84 60 30 25 65 57  8 52 36 47 99 55 11 73 26 46 12 53 20 61 18 46 45 63 48  1 24 20 27 68 16 26 87 43  6 94 78 24 13 56 97 35 56 53  4 58 29 97  6 44 97 30 52 94 52 71 24 75 92 91 93 34 60 65 51  8 16  9  2  5  2 60 16 31 95 92  5  2 26 57 71 83 99 29 25 15 77 17 47 93 92 98  8 40 23 67 94 72  5 69 32 84 33 76 92 26 39  4 83 53 32 39 38 66 60 39 21 18  4 31 53 62 42 96 21 13  3 66 15 33  1  3 34 39 41 14 73  1 95 90 67 15 11 96 67 74 46 15 98 13 57 80 42  8 32 77 41 63 39 81 17 41 89 91 74 46 93 59 65 53 32 64 18  7 17 87 17 14 20 58 77 56 28  5 43 25 19 69 78 36 59 94 30 96 46  3 62 78 25 99 69 98 40 38 51 47 39  1 48  6 63 97 56 29 49 53 48 14 89 94 40 26 50 59  8 70 30 75  1 94 57 75 20 84 92 72 55 25 58 64 52 58 87 32 11 55 81 97 88 33 47 77 29 66 23 21 38 60 68 97 23  9  1 90 46 74  8 74 67  6  7  4 37  3 85 68  7 41 48 35 91 28 57  4 93 48  1 52 14 41 88 75 39 45 30 53 38 78 88 45 41 33 34 85 36 28 97 11 98 80 93 11 96 78 25 46 63 29 81 12  6 64 34 45 88 74 58 64 42 17 78 99 77 33 95  2 58 46 92 71 51 47 85 89 33 22 32 28 70 86 58  2 24 67 42  6 72 45 74 38 36 46 89 10 44 53 13 48 90 72 65 10 32 77 20 60 56 94  6 57 25 38 88 69 68 12  2  3 14 83 83 74 64 33 41 40 47 89 87 46 10 41 67 99 40 42 98 93 56 59 37 94 88  9 32 93 54 38 61 96 99  6  1 71 46 59 83 93 20 34 75 49 68 32 45 35 91 78  7 28 25 29 44  2  6 86 28 22 53 40 27 19 26 81 61 73 17 95 29 55 34 28 12  2 89 32  6 45 68 51 40 15 89  2 82 13 22  1 46 84 87 79 23 91 56 11 78 58 76  8 62 53 46 25  6 72 12 96 88 57 88 49 53 74  4 67 90 85 75 93 91 62 46  8  8 44 62 69 18 80 56 18 46  4 51 71 63 49 75 72 77 77 52 16 44 46  8 49 86 90 63 28 53 50 60  4 87  2 83 53 18 40 93 13 45 75 90 91 17  7 43 89 12 12 32 14 78  2 44  5 21 66 74 80 34 38 97 61 75 35 71 83 29  7 23 95  5 53 53 82 48 32 56 37 32 97 10 28 33 90 48 48 40 13 30 57  9 19  9 69 26 22 43 33 99 62 77 87 63  1 34 12 34 28 30  5 39 83 66 97 75 47 92 67 39 58 46 16 64 93 96 34 49 64 43  1 68 24 11 85 32 41 92 49 92 68 94 95 64 28 28 98 84 97 99 29 19 64 34  9 81 23 51 19 77 83 88  2 35 59 17 50 82 18 49 81 29 30 70 12 84 22 50 41 86 61 13 90 12 88 19 10 85 58 77  5 26 13 21 17  1 88 82 53 25 86 12 51  6 90 73 20 21 55 68 11 43 41 39  9 49  7 84 83 34 22 28 65 90 49 72 52  9 98 44 74 82 94 17  5 97 93 63 81 88  1 86 53 50  4 43 38 60 85 53 36 91 83 90 89 38 98 18 63 44  9 48 41 55 60  3 50 76 66 49 58 53 24 19 82 84 54 13 39 32  3 61 10 33 61 95  4 73 84 29 74 43 83 43 12 88 73  5 15 89 23 97 90  2 43 94 24 80  3 90 71  1 34 16 40 17 40  4 18 41 55 32 80 58 72 73 19 20 84 88 38 42 29  4 49 41 81 98  9 27 18 63 99  1 82  8 77 20 95 64  7 38 54 76 36 27  1 88 45 43  3 89 46 96 18  3 58 15 90 59 77 11 74  9 81 38 73 22 62 17 51 85 10 61 66 80 31  3  9 65 61 43  1 92 52 78 98 99 87 37 67 13 45 88 93 19 59 35 82  8 77 30 41 80 44 54 73 97 40 90  9 45  1 43 20 32 67 78  3 60 30 52 20 86 81 82 69 84 55 99 47 26 33 23 89  5 54 97 41 82 75 36 18 81 83 35 82 17 14 73 23
20 40 92 57 58 35 15 99 28 56 38  7 86 37 63  8 78 67 86 27 46 12 28 90  5  4 13 99 94 54 47  4 49 38 97  7 50 97 77 87 19 95 34  6 44 12 34 10  2 93 66 46 19 94 60 38  3 32 89 94  9 30 21 90 40 15  2 61 81 93 24 53 35 51 42 58 83 70  6 45 55 32 50 16 18 45 79 47 95  2 28 26 24 14 94 74 47 75 83 52 69  3  4 33 12  7 50 51 58 70 63 42 94 94 94 89 13 43 27 71 55 12 41 10 45 55 82 70 53 78 16 58 78 41 27 56 20 39 74 13 46 96 90 73 23 81 50 62 76 96 48 43 13  7  5 48 73 63 78 81 85 43 29 41 29 35 47 30 39 99  3 37 34 39 20 35 59 42 78 52 74 93 88 47 85 78 66 65 89 73 94 24 54 18 11  2 48 81 95 14 77 77 80 42 10  2 22 42 90 82 41 70  7 36 79  8 26 27 24 45 65 52 51 20 49 43 14 72 72 98 40 74 52 78 42 16 20 90 68 39 24 94 62 60 96 81 91 51 72 72 36 73 87 71 23 56 58 61 87 45  6 43 69 38 51 91 83 84 97 52 42 40  7 89 54 26 40 33 86 76 20  5 98 80 29 44 43  2 30 24 24 13 22 35 17 46 34 59 92 50 77 76 12 54 51 87  6 28 91 47 35 92 98 95 25 92 17 22 69 12 78 45 33 53 29 50 15 71 17 32  2 79 81 59 56 71 43 86 66 60 21  6 26 85 84 43 20 83 65 40 91 74 23 59 28 30 66 15 86 66  9 42  7 46 72 21 43 15 37 93 66 22 88 87 60 28 80 66 55 31 85 44 27 41 59 22 34 33 69 61 50 65 18 56 15 30 97 93 89 61 40 58 28 46 22 16 19 27 69 61 26 80 74 50 27  8 86  5 19 45 79  4 79  7 10 36 49 62  3 56 36 29 86 22 48 14 77 87 15 26 29 82  8 11 79 99 89 84 48 45 35 33  3 53 87 26 42 88 81 37 10 46 20 23 95 21 30 57 19  9 32 34 81 97 26 93 30 27 92 12 37 81 92 67 14 69 35 52 64 24 34 58 90 10 83 71 25 70  8 38 91 83 43  2 69 71 76 78 63 46  8 44 20 64 40 81 33 46 74 91 61  7 99 65  8 39 38 80  2  8 26 83 94 20 99 38 17 88 88 65 99 34 47 19  7 17 82 49 21 34 34 99 80 98 26 90 20 45  2 24 56 32 93 37 57 88 31 71 22 65 57 74 25 40 94 68 60  5 90 86 54 93 28 61 11  7 31 78 82  3 70 23 32 88  6 65 19  4 94 53 65 56 66 51 16 80 69 15 39 38 53  8 35 88 90 33 32 26 69 65 15 51 68 65 88 55 43 43 92 56 28 88 15 51 22 33 79 82 75 21 84 83 50 74 50  9 63 95 20 82 54  3 36 67 41 23 87 59 21 23 60 43 66 33 58 86 68 57 12 89 65 11 45 18 23  1 98 38 89  9 27 70 91 37 89 76 13  5 84 31 35 94 36 97 69  6 49 38  7 52 14 23 10 67 26 73 87 79 48 50 57 27  3 85 95 56 33 45 98  6 80 57 50 98 53 80 96 63 57 29 98 30 83 25 80 76  2 55 55 31 52 29 71 38 12 67 29 59 15 21 71 84 87 68 79 34 44 68 97 99 36  6 72  5 87 16 31 46 46 20 73 95 26 51 52 65 82 20 86 20 17 37 87 58 70 52 23 57 18 27 49  5  6 60 24 86 15 72 91  5 11 33 88 30 53 81 73 84 39 48 31 75 74 77 70  9 79 81 72 28 42 66  7 43 53 86  7 98 81 10 67 48 31  4 37 63 64 10 24 18 83 85 74 73 75 96 55  1 67 72 97 59 25 92 19 94 23  2 13 98 53 61 38 60 88 88 32 62 59 19 15 22 57 11 94 83 37 11 75 35  1 56 85 45 99 17 34 22 65 98 69 88 94  4 82 94 97 66 92 19 62  6 95 74 53 79  4 52 46 39 30 96 56 80 72 51 12 91 77 88 45 63  3 44 37 44 93 36 30 80 82 97 62 10 35 43 88 40 58 22 98  8 82 25  6 40 20  2 94 84 25 12  5 29 12 40 91 57 98 17 88 68 74 75 73  2 99 49 54 50 16 87 80 15 38 16 92  9 71 31 58 83 40 62 24 73 38 80 62 14 10 95  3 54 25 37 63 84 85 25
1000
20 91 35 25 64 53 66 20 84 12 94 26 81 46 18 97 85 76 17 38  8 25 44 22 84 11 73 81 26 57 82 60 96 83 22 66 51  8 77 60 39 26 57 43 93 67 85 52 74 23 42 89 13 92 89 43  1  5 59 70  7 84 58 33 73 96 14 23 93 82 68 86 25 76  7 97 57  9  7 43 69 35  7 56 91 71 57 95 95  3 70  3 75 25 81 56 14 59 21 72 15 19 21 16 59 83 98 45 66 27 45 52 67 81 52 56 25 46 29 54 48 60 85  4 54 78 81 78 10 54 96 90 75 57 46 12 23 20 14 28 32 81 37 11 98 18 96 55  4 11 47 47 73 72 65 70  1 77 28 12  4 42 64 46 34 63  5 73 57 82 10 10 69 26 17 66 78 67 85 14 22 68 79 48 47 16 39 18 22 11 55 28 82 40 83 42 72 11 66 38 55 12 92 85 91 93 51 42 54 63 97 57 71 21  4 19 93 37 30 73 68 84 12 53  9 38 65 16 14 36 35 99 56  6  6 74 99 51 39 94 75 39 81 29 81 99 98 26 83 38 78 91 56 14 41 63 50 85 22 88 98 35 41 52 87 69 29 84 75 63 97 66 79 52 67 58 75 80 45 32 88 20 13 99 39 55 95 49 45 87 73 72 39 36 63 39 50 95 26 60 73 10 28 95 75 71 75 32 57 15 23 38 75  3 14 74 57 66 89 95 40 95 91 29 65 20 34 28 39 48 67  8 21 21 73 79 60 98 23 74 15 78 30 99 17 19  8 35  7 13 74 34 93  6 85 87 22 17 95 91 88 87 21  9  1 73 41 60 30 56 21 13 60 28 99 13 75 79 91 93 74 96 46  9 43 34 47  9 64 40 98 16 95  6 11 92 61 80 28 64 29 92 75 73 90 64 17 64 92 15 56 97 23 32 91  3 26  1 16  1 11  7 75 19 17 85 56  7  3 68  7 77 79 69 72 55 72 98 68 42 29 82 39 34 26 45 68 86 78 25 12  8 94 93 66 81 78 97 62 58 71 43 11 64 50 71 58 27 62 48 63 18 57 48  9 40 42 15  3 37 87 96  5 29 61 72 94 14 60 93 96 31 68 28 98 21 36 77 18 19 31 25 93 96 63 54 40 51 73 58 33 59  8 51 16  3 65 93  4 99 60 43 25 90 42 93 80 94 34 70 56 19 46 46 82 38 17 34 39 80 25 29 80 93 40 48 88 49 38 31 57 14 68 88 21 58 85 80 60 99 46  1 52 78 43 44 46 19 52 18 67 33 64 68 55 19 80 53 80 57 20 98 91 89 14 18 48 68 44 95 37 28  3 94 27 17 60 93 58  1 13 16 95 16 96 87 87 37 29 90 18 27 82 12 12 67  6 60  1 13  4 98 87 52 71 17  3 21 64 49 31 33  9 55 74 29  7 81 92 71 52 21 76 72 20 13 78  6 51 13 28 45  5 77 44  5 19 66 45 73 30 86 93 33 41  4 21 41 50 80 80 21 31 17 23 77 18 70 11 49 86 80 18 84 42 94 41 87 43 35 15 62 21 61 77 36 41 60 28 15 95 39 72 49 40  7 93 91 93 17 76 83 65 39 50 82 62 42 59 11 54  1  7  1 25 79 21  6 48 22 97 60  6 56 81 26 29 50 22  4 18 60 30 24 65 34 34 78 74 56 30 94 50 85 75 55 83 66 61 18 51 20 87  7 93 33 85 76 28 94 98 45 13 54 96 18 55 80 86 27 48 42 47 93 10 42 81 70 72 52 55 99 35 36 74 21  8 58 79 37 47 28 94 64 14 30 38 59 76  6 19 16 30 55 37 75 93  2 95  9 92 78 88 47 92 71 47 32 70 52 17 65 23 37 17 47 27 77 47 18 90 97 51 46 35 99 28 35 77 59 24 80 93 93  3 97 53 16 12 10 86  6  7 85 34 52 99 92 47  2 21 95 29 97 24 98 69 80 88 50 74 17 26 88 24 75 29 84 67 69 14 49 69 97 39 83 74 11 72 50 58 29 79 82 22 85 77 97 27 70 65 79 81 67 15 68  6 61 20 39 18 52 98 99 56 19 36 27 94 89 31 88  4 78 43 55 31 17 91 11  3 37 85 99 43 29 58 44 29 72  2 74 78 58 52 15 43 39 48 57 17 55 87 47 34 85 76 55 48 69 92 76  3 72 41 91 24 22 76 72 77 77 15 30 94 24 10 33 82 12 60 78 78 13 42 22 45  5 70 17
97  3 43 70 51 93 74 59 90  8 32  4 88 41 92 70 28 34 50 95 35 13 54 38 89 36 15 13 66 46  4 97 26 66 89 83  9 46 26 91 22 54 15 43 17 91  8 82 18 17 18 75 69 17 89 98  2 12  9 23 45 89 41 22 75  4 89 44 72 73 75 71  4 63 22  7 51 98 53  2 80  9 74 52  7 93 16  2 86 70 33  8 99 61  1 45 44 90 92 57  1 83 56 19 74 47 31 99 29 64 30 30 72 85 51  3 28 70 25 24 41 24 45 92 39 57 77 39 42  6  9 93 18 98 59 77 48 44 67 85  2 22 21 11 53 86 42 37 21 90 24 19 74 94 81 27 83 36 20 83 27 99 38 63 36 87 16 51 80 86 70 57 10 34 93 73 21 74  1 44 79 44 60 56 61 48 72 93 31 71 64 85 36 16 67 84 62 86 63 63 23 11 45 18 83 27  2 33 69 15 61 80 66  7 51 51 42  4 58 96 22 60 26  3  3  7 39 10 17  2 93 81 12 29 26 67 88  9 86 80 79 81 82 79  4 28 62 86  1 80 24 62 66 94 57 90 55 89 91 48 57 95 77 62 54 34  8 92 72  3  5 15 65 71  9 97 42 52 25 19  4  2 63 31 54 92 40 71 18 26 67 48 81 72 84 42 33 54 99 52 46 14 34 50 41 71 49 79 49 64 63 85  1 21 26 84 37 96 63  9 87  8 88 78 58 24 65 88 34 65 49 69  4 71 20 95 37  8 75 61 83 92 76  3 75 40 75 26 87 11 32 93  3 87  8 78 45 77 36 61 69 37 88 46 43  9  1 97 56 56 44 95 86 23 37 41 92 17  8 25 38 27 51 78  7  8 19 90 95 36 36 47 28 39 42 48 40 31 57 39 49 40 38 17 50 62 28 14 66 84  6  8 84 88 62 83 85 80 52 58 93 82 56  4 32 86 58 22 27 18 58 23 59 93 20 13 16 41  8 35 28 58 56 98 85 24 25 55 10 61 22 30 74 82 73 74 11 37 14  8  5 18 18  7 75 91  6 54 43 23 19 88 41 41 84 33  8 44 78 15 52 65 55 12 35 73 47 28 83 35 31 48 82 50 70  9 43 65 81 33 15 99 10 75 67 32 55 96 76 82 37 54  4  3 83 23 66 29 11 37 61  2 73  7 40 41 32 83  9 82 97 29 95 63  8 57 28 26  4 44 89 21 60 11 67 25 15 17 74 21 30 10 61 73 45 99 25 35 77 64 91 94 19 23 51 62  7 88  1 16 27 56 98 55 64 86 49 15 61 84  3 53 57 64 22 88 88  8 50 54 37 62 14 72 76 17 99 61  5 49 84 88  3 58 85 29 10 75 33 68 40 39 65 94 69 23 50 26 60 19 55 33 79 43 47 99 46  5 34 51 50 50 43 25 61 89 94 27 25  7 45 44 51 76 59 89 70 70 73 84 20 61 57 86 15 64 21 50 37 50 81 93 51 55 91 88 11 26 51 34  2 98  5 85 26 11  7 47 93 45 99  5  6 33 53 80  3 80 42 28 19  6 20 85 86 64 62 17 82 60 62 32 43 38 71 98 20  5 67 29 78 74 95 61 95 55 36 13 63 20 84 83 43 68 39 87 71 26 25 12 47 27 76 95 68 75 60 48 18 59 79 18 31 44 90 75 85 11 31 98  4  8 82 10  1 43 64 55 36 99 65 30 59 99 32  4 72 33 76 61 64 89 79 61 62 16 61 92 38 94 79 80 39 92 89 99  1 52 18 32 51 45 48 52 50 18 75 53 50 21  6 71  2 89 39 14 19 88 66  3 37 73 24 32 31 95 61 81 58 68 33 58 84 78 22 84 70 90 64 98 66 93 20 72 45 58 90 63 78 89 73  9 41 35 32 86 31 67 86 31  8 77 36 32 77 30 91 21 70 35 30 72 89 90 46  9 51 17 59 25 52 24 97 39 26 61 45 64 23 67 45 48 34 67 50 87 67 98 59 33 26 82 24 57 87 29 52 68 47  4 98 52 35 48 68 11 10 80 53 10 90 61 10 10 25 46 77 22 29 88 37 34 16 37 55 21 70 78 94 17 26 42 24 94 77 95 94 49  3 45 89 57 71 38 94  3 48 94  8 54 63 34 90 58 30 77 74 14 92 75 66 45 16 94 36 78  9 45 56 32 20  6 53 75 25 18 24 11 23 45  6 14  5 31 92 29 39 20 58 18 19 51 39 45 19 87 70 40 53 16
93  5  9 86 65 55 20 27 51 92 58 77 18 74 70 49 94 21 92 41 55 66 36 63 80  2 16 26 21 67 34 28 25 36 61 58 49 85 13 26 20 29 55 66 55 10 28 34 94 34 79 45 11 17 36 52 64  7 50 72 80 15 43 83 68 14 26 42 17 43 33 10 49 33 75 43 19 99 13  4 50 49  8 87 80 86 45 24 75  9 63 27 80 13 15 95 76 98 13 83  8  1 96 90 75 44 99 82 61 59 64 38 65 96 55 56 91 47 10 25 98 68 18 52 22 46 66 65 94 13 84 47 43 37 91 18  6 80 18 30 29  6  2 64 26  2 48 99 10 81 45 63 91 47 83 16 24 30 14 83 22 98 66 18  5 59  9 79 50 90 40 52 28 65 26 17 21 52 97 21 64  1 37 16 47 13 91 86 47 81 99  2 85 96 13 99 30 39 51 84 42 44 22 17 54 11 56  9  4 48 58  4 54 12 12 73 57 76 56 11 52 44 62 14 38 92  8 20 58 51 59 80 44 15  6 97 73 40  1 78 33 52 55 26 26 68 38 99 41 40 68 84 26 28 27 98 53  1 34 42 70 39 53 65 57 47 98 20 42 76 56 45 66 36 47 91 36 51 11 94 86 73 65 78 32 29 46 93 52  8 49 69 91 59 60 45 91 56 49 20 98 20 40 31 30 32 21 40 81 34 81 88 59 20 54 71 43 15 42 26 26 46 37 70 79 69 73 74 59 54 52 45 83 22 59  1 33 72 60  1  7 97 49 39 16  6 30 38  3 17 27 57 87 25 96 89 71 10  6 51 19 96 82 69 24  8  3 80 61 34 29  2 88  7 97 58 92 99 27 31 47  6 95  4 27 16 65 86 35 96 43 91 46 36 31 62 68 18 69 61 34 76  9 35 97 48  7 44 95 63 79 29 59 33 16 68 70 70 91 43 66 25 15 47 45 41 71 59 64 96 34  5  5 83 94 71 36 19  6 40 58 56 21 78 24 82 92 26 88 96 71 18 83 82 83 18 16 79 39 71 94 16 39 42 53 85 14 37 44 97 96 96 22 36 73  1 56 89  7 57 62 84 81 67 81 79  4 11 31 76 47 35 61 18 12 52 19 10  7 32 88 50 19 66 61  2 85 91 61 52 50 15 26 62 25 85 80 76 32 73 65 56 96 74 21 26 35 38  7 90 38 17 32 12 89 95 35 45 68 82 77 34 39 28 61 29 48 55 26 35 15 93 80 45 22 97 66 47 25 98 57 17 66 38 64 26 80 54  6 35 71 98 27 29 95 61 58  7 67 94 95 70 91 57  5 48 51 31 67 56 56 89 75 43 45 25 23 38 77 62 53 16 48 80 61 43 34 96 47 52 85  6 40 18  8 88 98 99 94 64 61 68 17 66 24 14 80 17 76 58 66 51 71 43 83  1 18 41 10 81 75 29  8 24 57  6 31 42 29 98 36 49 79 88 93 32 88 93 19 74  3 72  1 16 63 20 89 38 61 72 61 91 77 94 35 93 69 40 81 63 87 88 56 95 48 71 80 68 83 77 98 15 18 25 17 19 17 67 78 53 45  8 35 49 64 73 81 15 54  8 52 27 57 41 74 29 22 19 40 68 55  6 24 22  6 61  7 76 61 36 89 33 61 38 73 94 30 47 55 24 81 75 63 30 99 93 10 52 75 22 76 37 13 82  5 97 98 15 45 83 42 94  7  6 87 61 20 61 69 12 56 49 83  6 89 50  3 64 51 52 43 27 55 14 51 83 26 79 62 81 78 40 38 96 31 50 49 73 69 44  5 68 54  2 49 90 35 82 40 35 66 23 13 54 43 61 18 69 64 99 27 17 70 10 14 18 21 69 70 12 25 59 29 78 75 46 47 74 68 30 99 22  9 30 73 25 81 66 52 86 57  5 21 40 96 82 22 57 12 63 31 20 30 80 63 43 67 85 66 14 17 65 18 98 70 88 93 44 11 11 86 73  4 27 53 51 13 58 22 34  6 57 23 65 73 99 27 57 72 44 98 30 12 69 82  7 19 90 84 19 98 50  9 67 28 10  2 46 62 41 68 24 12 19  1 71 91 35 24 86 87 60 27 71 96  8 47 35 90 37 78  2 17 85 93 92 61 97 50 66 47 62 95  8 88 59 55  2 40 79 30 14 19 86 53 93 95 13 10 64 79 28 89 66 45  2 86 71  1 53 14 22 62 11 95 45 17 12 53 68 61 86 13 14 38 80 49 50 17 96
1000
 2 99 53 41 99 36 16 33 67 13 74 55 49 71 83 75 67 71 84 77 13 85 16  3 47 85 25 10 24 83 56 50 41 57 87 91  7 33 74 89 53 93 97 43 14 61 96 22 75 22 93 67 54 44  8 45 53 40  9 59 37 34 97  7 10 43 25 69 31 63 88 98 91 74 20  5 30 28 16 60 84 74 85  5 64 43 96  8 53 14 99 40 20 64 44 62 69 86 40 36 54 44 73 13 97 63 69 32 11 53 32 51 77  6  2 30 60 23 75 17 19 52 26  3 24 77 26 76 18 59 45 50 26 60 65 39 63  9  2 20 56 90 26 23 77 90 22 55 44 76 43 31 65 28 50 57  7 58 38 25 88 55 94  2  9 58 18 30 26 92 14 27 41 37 39 90 47 11 80 26 78 53 59 78 21 12 87 96 32 25 82 35 80 63 18 98 87 72 25 84  5 96 97 88 58 86 10 11 75 78 45 41 40 35 73 34 51 84 30 11 96 84 94 68 27 85 81 67 13 95 92 39 90 90 37 72 64 20 47 50 59  6 59 66 92 13 41 40 56 14 39 38 95 98 22 86 16 47 42 83  8 73 24 39 17  1 47 12 73 65 83 53 65 73 76 13 47 38 19 70 12 51 55 76 95 68 53 75 23 82 59 42 26 34 49 16 71 91 71 68 38 34 69 42 95 37 35  6 27 54 49 34  8  4 96 37 44 16 10 29  9 66 91 43 45 68 85 44 90 31 98 62 24 80 27 39 12 51 19 30 46 37 17 14 97 39 48 74  6 89 98 25 46 57 33 11 32 26 23 94  8 64 44 50 19 60 71 81 87 12 89 47 63 91 93 61 80 36 40 39 18 67  3 33 68 77 60 50 46 58 44 85 63 74 82 67 66 28 72 72 12 29 82 99 59 47 69 21 73 91 40 21 77 80 64 15 85 87  4 17 94 90 86  8 87 55 88 10 30 88 88 50  9 19 71 92  8 51 44 93  8 76 20 15 47 42 74 74 16 33 36 35 42 36 23 58 30 66 70 76 67 35 50 53 22 18  1 50 35  8 39 57 45 23 30 58 98 82 86 93 68 42 81 18 61 39 75 60 71 92 10 71 64 20 98 22 10 19  6 55  7 61 45 11 88 75 55  6 68  4  4  9 50 26 42 51 57 56 78 68 89  8 63 47 44  5 87 17 13 32 67 68 86  5 96 69 31 91 84 94 48 39 15 76 33 31 46 72 15 67 43 72 83 22  5 13 57 49 36 25 14 64 73 15 20  9 96  3 88 68 52  2  2 21 98 96 38 75 19 97 12 32 88 92 73 45 21 96 47 95 43 31 88 33 29 73 97 35 33  4 78 48 91 31 98 60 67 93 65 45 60 82 83 72 74 57 44 19 28 48 86 64 60 50 45 85 36 16 36 17 80 16 79 41 81 79 82 37 87 83 71 75 59 84 32 95 86 88 82 85 63 11  1 62 11 30 46 48 47 52 49 40 88 80 36 17 68 22 61  5 37 91 69  2 17 89 90 50 44 58 45 24 98 40 44 12 83 22 29 10 96 33 30  1 35 48 44 36 12 93 23 99 43 34 76 78 91 42 40 14 49 54 12 85 10 78 86 53 57  7 98 11 82 43 23 58 77 11 74 29  5 78 78 51 47 83 97 74 64 17 69 23 44 30 91 48 80 84 37 18 25 11 25 55 36 71 99 60 77 93  7 20 86  6 37 32 65 91 50 43 19 10 89 30 36 39 97 51 66  8 78 37 21 51 25 69 46 57 39 62 16 72 58  9 72 41 84 82 58 63 24 57 56 63  4 10 26 76 78 23 84 33 52 39 46 99 20 46 69 20 11 25 79 42 47 84 48 85 24 70 16 24 75 23  1 29 27 80 78 94 27 27 67 59 33 90 44 46 99 47 97 63 49 12 38 27 59  8 83 83 96 47 27 42 71 71 59 43 43 79 31 28 28 86 43 60 71 91 11  3 61  2 88 64 38 47 98 24 30 14 22 29 79 25 91 96 61  8 81 36 37 56 15 91  2 16 72 57 20 50 87 98 45 41 89 28 83 85 41 96 39 94 83 78 63 52  7 59 90 48 25 84 55 17 40 84 72 44 23 95 28  2 99 18 54 56 10 38  9 46 44  4 14 94 41 62 81 14 72 92 56 17 83 63 23 96 79 74 40 48 97 33 17 91 52 33 57 72 70 78 32 47 79 78 59 84 10  9 64 24 11 40 88 32 84 65 29 60 99 89
83 62 91 98 23 22 87 60 95 47 19 27 42  9  8 32 83 67 25 68  4 44 81 91 90 43 43 11 29 57 35 73 41  8 13 23 32 62 91 38 59 98 21 44 96 60 28 23 54 32  2 32 63 99 14 87 98 57 18 16 31 85 69 70 56  8 29 78 74  3 63 11 66 40 21 26 98 23 39 38 54 53 10 76 93 24 32 12 86 35 88 69 16 17 70 60 82  4 77 27  4 88 43 44 19 60 62 42 81 68 68 48 58 56 35 84 99 85 10 42 14 55 58 55 10 36 47 18 46 61  2 70 44 95 89 38 63  4 88 49  7 86 71 74 18 98 26 97 97 52  5 66 99 51 70 85  9 30 35 52 88 93 43 97 28 88 27 75 17 92 99 93 35  6 47 19 66 34 48 51 40 51 22 76 57 26 53 82 53  5 24 26 51 54 73 56 90 20 30 66  1 48  6 77 30 38 92 19 32 93 24 20 29 38 75  8 34 40 65 77 60 36 15 83 36 55 75 94 51 87 89 32 53 70 13 18 38 68 76 60 61 36 76 75 79 87 54 62 19 57 80 30 90 65  3 67 36 66 68 49 76 76 16 86 38 95 12 72 83 62 71 14 68 33 57 33 98 76  1 94 76 89 86  6 86 18 91  7 10 14 64 86 99 36  1 36 25 21 13 53 55 36 79 32 81  7 70 19 88  1 97 60 18 86 95 47 44 60 53 34 30 79 91  6 39 20 58 17 77 15 64 22 99 29 37 69 14 21  5 24 84 75 50 26 17 18 85 95 46  4  8 51  6  5 47 91 70  4 89 16 21 76 34 47 16 45 97 53 42  2 37 76  9 68 91 71 46 18 50 44 40 25 35 20 47 74 96 12 95 52 31 31 98 98 61 59 47 92  1  5  4 32 54  9 55 33 84 15 86 11 79 96 73 35 25 28  4 10 16 86 65 28 47 45  9 70 80 74 69 98 27 70  4 72 50 33  3 43 29 50 31 92 49 88 65 78 52 50 75 69 92 95  2  5 80 10 48 87 11  5 97 26 29 43 33 33 30 21 45 61 85 17 67 13 38  6 53 64 91 98 62 20 46 52 75 89 66 42 28  1 26 32 66 48 40 76  1  7  2 82 56 92  5 53 70  2 60 51 64 43 65 70  7 33 21 14 71 45 92 61 81 63 66 81 42 33 75 68 86 29 68 54 78 63 45  9 42 79 18 34 56 11  3 77 77 63 94 69 23 52 31  5 65 30 57 60  5  1 14 83 98  5  5 86 26  8 33 34  1 52 74 90 97 43 61 78 26 23 59 62 29 38 16 91 49 60 74 70 61 76 49  9 45 76 45 40 37 59 91 16 88 55 44 29 13 79 63 92  3 73 31 76 41 59 72 91 74 41 79 24 28  4 43 52 26 25 48 82 31 59  3  6 36 88 11  6 50 25 61  7 39 81  1 65 27 60 28  8 35 54 26  6 40 80 45 87 26 50 64 89 97 64 65 88 46 20 50 34 42  4 45 88 90 16 44 58 14 69 52 80 21 40 49 46 55 45 92 45 38 62 97 51 15 84 71 37 37 56 85 18 78 41 82 59 51 92 59 89  4 70 63 97 54 96  3 45 39 73 13 25 80 51 68 79 89  8 63 27  5 86 57 15 46 68 71 95 13 62 68  9 62 37  8 40 19  7 83 93 85 43 84 69 42 83 53 27 29 53 38 12 37 14 14 27 25 89 54 90 10 68 38 23 94 12 66 27 78 77 16 63  6 89 90 73 38 60 35 92 26 19 13 69 59 35 13 26 20 52 41 31 12 10 79 15 77 61 51 80 80  8  5 90 37 51 59 32 65 17 44 57 91 57 41 21 19 11 67 97 63 84 78 46 85  8 50 94 92 82 27 20 41 73 69 16 46 99 71 27 99 60 91 95 80 46 99  5 16  5 72 24 45 40 37 63 14 55 40 20  8 71 12 45 33 43 32 20 32 40 71 65 75 80 94 18 81 70 14 24 51 92 92 98 15 98 42 38 95 84 76 59 62 48 32 70 59 12 89 38 38 18 38 52 96 83  5 86  4 30 56 60 41 44 35 44 15 86 42  8 81 17 82 17  1 57 26 41 90 52 37 41 50  3 46  4 52 80 17 71 94 39 92 48 48 73 66  2 88 44 83 89  1  8 84  8  2  5  4 99 38  6 85 10 10 44 25  3 59 33 95 74  2 43 92 27 63 85 31  9 12 16 46  9 27 10 54 93 78 75 81 35
57 69 31 74 16 37 68 99  3 32 67 84 31 45 78 44 15 53  3 29 97 94 95  3 28  6  2 53 47 92 51 80  2 34 87 49 39 53 57 50 95 35 33 20 60 49 72 37 25  6 48  4 41 77 70 24 64 66  9 38 82 64 18 98  1 26 17 30 34 63 41 93 45 51 53 85 51 97 36 80  5 76 16 32 14 79  1 14 57 83 18 50 40 57  1 99 84 73  2 79 40 45 18 84 55 56 49 22 14 38 46 89 80 10 28 89 15 63 62 99 22 12 44 92 58 55 67 83 55  6 95 91 96 83 84 41 12 90 79 75 71 88 50  5 65 61 25 50 66 15 58 55 54 12 62 67 36 66 58 70 72 68 46 29 63 37 75 64  1 60 24 50 71  7 40 29 58 65 88 74 70 52 33 71 99 81 98 36 87 95 44 78  3 50 90 44 17 14 83 78 32 24 57 91 15 89 39 43  1 59 21 92 98 75 22  4 56 87 12 19 67 71 38 95 89 65 13 83 77 11 57 15 84 12 16 41 96 66 78 75 50  7 18 37 56 31 38 27 77  1 81 56 78 42 89 86 71  9 70 57 17 52 90 47 52 84 59 21  7  7  3 53  8 70 72 90 75 39 64 62  1 22 64 30 51 25 13 91 35 92 96  4 77  6 79 61  8 52 32 21 19 42 64 99 71 70  4 79 69 39 22 14 70  4 78 27 99  7 73 74  9 47 75 15 79 89 77 65 97 41 13 64 30 87 37 21 43 11 84 79 37 66 25 85  7 87 45 67 55 33 52 48 80 91 67 65 52 60 15 42  8 97 64 10 17 84 24 47 57 79 18 61 21 82  6 95 40  7 75 76 67 27 34 53 87 98 27 93 37 88 26 44 97 46 68 37 16 53 85 27 61 28  8 56  4 22 37 75 14 24 82 15  2 84 84 35  1 91 82 77 12 15 24 39  3  3 67 45 36 46 70 21 22  6 59 59 75 87 20 65 49 34 65 69 81 27 65 29 85 67 70 93  9  1 92 70 66 12 86 46 94 21 45 33 82 79  2 56 29 71 78  3 66 82 17 88 38  6 12 83 67 37 70 36 40 50 29 89 93 67 74 73 70 14 47 14 51 36 25 86 28 15 99 99 74 80 82 72 11 84 69 82 79 88 74 29  6 31 96 13  4 48  5 88 97 38 28 43 25 29 40 15  6  7 95  4 34 16 67 25 39 66 83 90 90 75 50 18 23 78 35 20  6 10 98 86 75 76  9 68 61 31 53 61 36  9 13 69 59 52 86 44 29 85 47 16 27 24 69 37 53 69 75  4 79 45 31 21  3 95 58  8 77 29 69 40 27 27 55  3 11 40 52 91 77 61 12 86 97 75 96 54 15  1 13 49 83 59 37 12 51 62 46 26 96 13  7 29 96  7 54  5 26 20 16 84  3  6 43 42 71 24 58 86  9 46 84 60 53 18  4 74 37 74 41 73 29 30 27 75 77 72 63  4 37 23 47 70 25  6 47 48 84 15 70 22 49 90 17 32 40 30 68 43 57 99 75 88 84  6  8 24 80 97 86 87 29 58 66 38 29 49 39 19  7 24 53 85 82 63 51 50 38 83 96  5 14 37 57 79 43 50 92 77  3 12 30 18 85 30 10 83 15 16 87 67  5  4 87 10 12 42 66 53 48 26 68 32 94 61 57 52 35 24 17 86 99 33 14 29 69  7 45 42 12 38 94 51 93  9 76 71 37 55 66 15 28 94 55 16 52 98 27 23 86 89 97 68 99 62 76 50 96 32 38 58 64  7 55 66 91 70 39 14 58 64 63 82 84 98 91 23 28 19 96 84 90 23 81 45 59 75 39 70 48 98 49 23 12 48 51 19 29 99  7 42 33 19 37 44 59 34 29 19  2  9 15 52  8  2 91 30 89 84 97 38 59 45 89 57 24 62 17 55 72 82 66  4 79 27 74 58 34 64  7 40 51 89 58 56 33 78  4 17 16 11 35 34 73 34 10 51 25  4 61 71 41 30 77 38 22 74 94 94 47 40 99 36 57 15 85 21 61  3 41 33  4  9 80 27 44 34 46 58 89 53 41 59 88 32 78 19 17 57 54 46 26 60 65 28 21 99 57  6 31 38 84 84 19  9 89 44 23 98 92 39 15 11 95 66 84 36 25 64 83 85 37 60 37 99 90 74  6 53  8 94 81 42  3 52 53 15 63  7 86 48 33 67 68 92 30 70 93 57 33 30 35 76 19 27
1000
34 55 31 31 22 16 82 81 46 10  9 14 87 22 94 81 49 40 20 81 11 44 78 65 25  8 74 81 17 35 28 94 39 76 34 30 19 12 18 97 14 18 23 90 24 71 48  2 20 40 80 98 91 53 85 74 88 36 48 43 35  6 73 44 21 11 69 41  3 15 90 13 82  5 72 23 44 47 78 93 36 92 82 71 32 91 86 68 21  7 10 29 90 38 57 86 94  8 52 53  3 20 17 16 91 51 95 79 39 10 64 93 57 90 41  4 66 36 19 10 15 95 84 55 23  5 82  9 34 85 58 66 34 19 22 38 78 23 77 94 83 41 97 48 11 42 63 34 77 39 91  4 31  5 44 14 31 23 26 69 92 22 30 60  5  6 37 57 60 87 84 26 55 63 79 14 25 25 53 40 95 69 30 79 91  6 54 59 27 61  3 28 47  7 83 93 43 62 94 76 78  2 54 54 15 58 73 43 99 56 38 37 69  6 52 71 79  2 87 33 62 31 12 10 46 42  6 93 50 93 37 44 57 74 68 99 28 45 66 71 52 47 63 95 33 91 26 26  3  9 10  1 68 49 53 23 67 77 52 52 82 28 26 69 22  6 62 78 40 78 81 74 34 57 13 35 26 42 62 30 72 70 34 54  1  7 54 12  9 13 31 33 51 62 68 75 35 80 58 78  6 86  9 45 93 49 85 63  2 43 84 38 43 87 51 84 71  9 42 54 66 29 81 64 56  8 29 44 93 64  9 70 74 49 83 35 14 40 15 66 12 59 39 38 61 65 12 54 99  5 22 98 46 81 67 60 47 34 77 16 39 49 58 41 97  9 75  7 15 49 22 65 49 52 75 15 98  1  4 26 38  4 36 37 81 34 27 25 93 43 23 51 31 72 40 70 35  4 24 71  9 46 33 10  6 22 74 43 58 71 75 91 37 69 95 32 61 42 52 73 10 37 63 63 37 28 68 12 62 63 13 13 29 93 24 35 57 30 32 90 90 64 42 62 63 11 97 72 69 77 50 45 70 98 33 31 74 22 75 33 69  9 58  7 21 92 12 76 62 81 18 28 89 16 61 47 62 42 31 79 52 17 88 38 87 97 78 44 91 27 49 52 78 12 36 34 81 12  8 30 10 46 63 85 67 81 64  7 96 55 53 52 85 54 58 31 84 81 12 56 70 96 97 38 33 78 47 83 91 36 87 67 71 73 32 89 31 18 80 89 85 42 54 44 51 90  7 15  8 98 95 65 88 45 34  4 36 61 14 44 76 97 29 12 96 34 32 37 40 10  7 48 66 28 12  2 44 36 79 31 73 19 23 94 14 19 76 60 22 26 93 85 60  4 80 63 13 49 83 86 53 90 61 21 24 79  8 23 78 95 60  8 21 72  6 17 20 23 78 81  3 39 48 44 63 71 86 73 81 60 64 52 67  7 14 15 49  5 52 77  8 76 88  9  5 89 74 49 68 33 61 94 46 82 27 85 72 56 40 82 37 68 81 29 43 98 55 48 85 29 60 43 69 53 87 80  5 62 79 26  2 69 80 20 22 32 85 58 69 74 98  4  8 33 30 26  8 98 75 79 79 61 43 14 28 78 85 95 76 98 98 24 97 54 10 13 72 38 43 59 31 24 28 71 99 30 77 16 68 63 77 17 26 48 50 21 47 46 13 22  8 12 67 59 50 28 38 59 68 64 70 57 83 12  8 28 64 69 47  9 93 13 85  6 21  6 16 19 51 99 26 67 10 97 85 59 82 54 83 85 87 56 93 45 19 67 65 70 43 72  6 28 92 11  4 94 22 45 83 89 39 73 94 54 48 27 63 77 17 86 48 99 58 36 65 49 87 60 63 62 88 11 63 20 82 52 66 70 85 76 94 16 60 11  2 81 65 63 57  8 63  9 66 59 44 41 22 55 40  8 24 88 47  3 79 65 38 83 27 94 31  2 90 69 51 12 35 98 69 66 10 34 62 51 83 81 94 96 15 10 41 99 15 56 37 78 67 14 39 36 45 96 95 88 64 54 59 19 65 71 13 26 10 64 48 82 62 62 30 23 49 25 43 94 58 75 97 88 32 36 97 90 36 62 76 42 22 89 84 75 28 76 29 97 50 28 75 61 89 40 82 80 54 64 18 30 97 58 94 93 64 90 77 65 70 83  7 32  6 32 39  8  2 72 62 45 90 34 59 78 25 78 97 40 11 31 65 33  8 10 35 96 14  5  3 13 81  8 88 50  5 51 11 78 68 89 53  2 36  6
64 54 47 87 73 96 74 32 75  9 40 39 27 42 89 69 50 58 91 44 72  7 63 19 56 64 75 20 30 35 21 72 38 21 41 64 55 23 54 48 52 53 29 50 37 80 38 68 39 49 64 76 99 44 34 68 87 93  1 14 37 21 87 25 68 76 82 69 82 48 29 91  7 43 28 69  5 78 74 96 90 30 72 19 67 22 68 80 85 30 90 76 74 36 92 53 94  4 66 22 82 69 66 51  8 36 93 37 53 16 67 11  3 39 80 88 82 89 27 17 28 12 21 71 83 54 97 36 43 66 29 42 29 21  7 33  6 56 24 45 55  4 77  7 90 25 66 28 38 45 26 89 15 19 26 26 50 48 88  2 13 80 13  7 24 44 60 86  7 87 24 37 92 99 66 84 25 95 24 23 50 77 24 70 30  3 38 43 18 18 87 56 88 55 35 33 56 20 38 31 14 64 31 56 76 62 42 53 57 84 43 85 42 93 25 59 89 67 16 10 56  4 72 71  1  5 80  6  3 31 21 66 48 51 81 49 57 75 85 50 29 26 31 35 90 35 36 63 37 80 68 22 23 39 15 54 19 37 22 19 73 45 57 81 97 37 12 19 98 21 16 60 82 87 52 37  1 76 25 50 12 55 74  6 84 88 11 66 89 20 40 53 19 53 90 40 69 98 17 45 33 30 18 71 46 76 75 45 62  3 52 19 65 53 94 37 38 12 29 17 97 95 90 79 72 25 20 84 76 93 47 44 93 72 29 36  7 22 53 89 21 90 78 19 74 62 76 77 64 28 57 26 87  5 68 91 62 15 98 97  4 32 52 82 21 30 82 52 81 37 19 75 40 48 78 17 70 98 65  3 17 94 74 43  6 52 96 80 66 96 58 80 20 47 62 62 43  4  4 53 77 24 84 45 64 67  3 98 75 73 87 49 24  1 94 47 82 64 40  3  6 26 61 22 77 73 26 39 30  8 69 26 27  1  3 18 97 41 49 13 68  1 49 42 21 62 55 97 72  3 37 28 16 49  1 34 60  6 84  5 36  6 25 44 19 43 85 18 60 71  3 59 46 47 30 52 16 29 94 66 95 69 49 65 31 43 14 12 84 80 86 22 99  6 45 99 26 62  5 70 61 71 67 15 11 42 46 40 66  9 36 20 56 68 29 54 63 88 34 61 94 22 60 17 41 39 65 78  3 83 64 89 74 35 61  1 57 22 34  7 94 91 75 86 76 49  7 72 96 86 90 29 83 21 23 12  6 60 74 36 88 73 27 24 98 15 15 98 92 33 22 58 24 93 96 66 67 20  8 64 52 86 10 24  8 82 26 38 17 49 46 81 88 73 29 10 34 59 40 96 54 73 92 60 38  6 63 43 57 34 67 12 91 90 76 14 54 90 64 69 80 37 41  3 49 53 47 79 55 58 89 86 41 96 34  2 70 52 44 22 40 44 92 26 78 50 12 50 61 62 15 35 69 25 61 84 20  2 49 58 81 56 82 91 68 35  6 73 18 56 28 55 63 45 15 71 92 24 87 39 16 97 20 74  1 28 67 55 95 29 12 41 52 68 24 58 22  7 70 25 81 31 62 44 67 61 90 15 87 62 71 37 16 27 32 56 62 18 42 53 62 95 91 47  2 51 14 52 46 41 48 57 30 62 75 80 50 35 99 11  7 27  8 22 76 71 69 36 37 86 25 85 18 58 89 44 33  6 18 33 17 73 53 93 89  9 26 75 74 80 66  8 41 54 24 62 25 72 63 76 84  1 84 45 88 46 74 74 88 14 34 50 56 60 11 62 61 12 60 52 16 87 18 85 49 36 78 77 41 44  1 31 21  7 70 99 27 63 66 30 41  5 44 84 39 76 97 95 68 26 52 89 44 34 39 28 14 54 28 84 68 20 50 59 51 85  6 29 15 91  6 32 57 67 34 28 26 30 60 14 18 36 84 57 50 45 57  8 67 34 36 40 79 74  5 15 93 81 44 66 27 48 83 76 83 82  5 14  5 51 20 16 98  6  8 94  1 35 51 30 48 51 16 71 21 77 91 81 74 83 77 51  8 39 47 63 18 18 69 77 45 93 87 94 96 28 24 64 36 14 67 66 28 56 98  6 15 16 12 59 93 70  9  8 20 52 54 92  2 17 24 67 61 25 72 28 51 88 67 82 19 86 69 54 68 43 28 81  9 27 23 15 71 17 79 38 95 57 35 66 86 67 97 96  5 35 69 91 11 32  2 97 97 96  1 98 45 51  6 55
 7 37 85 67 79 53 47 34 68 49 86 35 27 63 98 20 47  3 62 69 47 48 15 42 27 66 59 13 22  4 52  4 65 76 27 47 24 89 31 85 87 92 61 50 58 44 36 79 98  9  9 71 61 57 26 64 10 90  2 99 58 83  5  5 36  7 67  4 32  7  5 38 26  4  3 87 75 24  9 74 20 98 10 54 48 24  6 99  7 24 73 36 95 30 52 30 88 50 93 53 87 92 53 45 85 52 81 39 21  3  5 70 65 91  4 32 58 59 78 38 44 21 37  5 64 96 89 12 79  2 58  7 75 53 84 35 78 75 67  3 74 64 53 58 22 29 26 23 10 44 71 31 92 61 33 58 66 13 23  5  9 49 46 21 62 73 93 10 96 34 99 30 27 62 85 52 80 89 83 67  4 65 33 82 69 41 73 93 92 13 84 45  8 90 66 35 79 44 91 49 77 73  2 75 74 87 56 26  4 37 99 69 82 58 76  4 83 44 22 73  1 73  4 98 27 41  3 31 87 47 85 25 53 10 86 99  1 19 58 96 11 11 84 30  4 53 39 26 10 71 27 66 42  3 86 86 49 51 95 69 83 98 22 54 92 58 16 74 75 58 19 39 90 86 72 93 50 45 23 89 23 65 52 20 24 49 47 37 98  9 87 72 21 57 75 43 21 47 45 55 21 66 71 60  1 59 75 98 52 67 67 93 41 88 37 60 53 73 53 86 91 48 89 55 84 91 12 67 35 98 16 26 29 60 20 85  9 93  9 17 42 70 10 15 34 72 73 24  7 19 21  1 63 50  7 22 38 98 91 55 16 93 42 45 26 13 70 26 25 11 35 23 42 12 69 86 45 65  1 14 49 48 34 79 50 46 14  8 73 92 37 89 10 76 46 41 77 28 61 51 56 19 88 40 69 70 32 55 82 21 29 91 32 89 85 46 34 20 55 73 98 63 58 40 16 97 77 11 79  9 65 14 80 13 89  9 58 56 30 97 12 71 65 93  5 51 67 40 64 94  9 60 30 59 39 89 46 39 88 90 47  5 75 35 17 90 72 58 32 26 49 98 17 93 75 66  1 29 87 89 22 38 84  1 50 74 68 91 86  3 97 97  8 50 70  5 28 46 83 62 79 28 31  6 84  7 53 51 76 84 10 88 62 44 71 65 45 64 39 45 43 95  6 55 91 76 69 34 30 95 94 26 65 39 80 43 32 79 25 92 79 44 40 50 22 31 22 89  3 37 99 76 73 60 86  5 36 25 61 57  3 46  3 61 65 27 92 92 72 90 53 54 91 25 31 59 72 21 97 35 16 96 66 40  2 90 46 81 78 30 23 55 24 22 22 63 34  6 71 48 13 73 75 92  8 15 28 24 52 28 33 13 27 54 84 49 39 20 65 90 38  1 13 44 33 43 68  4 80 14 59 23 96 18 53 40 72 78 43 96 67 45 74 55 78 93 62 99 76 87 82 32 36 76 48 84 73 33 53 18 88  2 87 39 89 57 52 34 58 84 65 21 31 14 37 50 21 92 35 27 62 56 79 37 75 75 69 48 70 89 49 96 58 21 16 71 89 29 25 48 13 94 98 25 90 11 25 23 97 24 22 75 92 37 13 55 49 23 81 15 23  8 73 84 60 38 86 60 85  3 28 87 35 73 23 51  7 22 77 70 21 90  1 87 61 42 19 44 35 69 75 13  2 21 49 84 36 41 83 99 50 74 56 79 15 24 16 48 97  8 87 50 97 41 80 95 19 69  5 18 96 89 39 11 59 28 65 57  6 70  9 74 79 51 80 14 27 80 73 59 48 83 34 40 62 30 93 50  1 86 83 92 87 68 44 35 64 47 35 39 19 48 43 86 49 88 36 12 64 20 80 14 76 84 75 17 53 57 71 49 67 61  1 91 46 78 12 39 36 12 47 48 11 34 44 19 38 18 97 10 26  7 16  2 75 31 86 18 91 44 61 84 12  4 15 47  4 25 81 14 94 35  9  3 11 71 22  2 67 39 96 82 62 94 72 28  1 89 43 57 22 88  9 22 68 29 56 73 90 99 22 32 34 98 89 44 40 58 40 10 90 73 44 94 62 36 33 85 39 40 37 68 28 77 97 70  1 53 55 15 30 95 68 43  3  6 46 64 83 22 18 43 15 16 87 87  3 38 57 95 31 28 49 29 32 46 34 96 82 92 36 79 50 30 14  7 89 80 62 26 32  9 43 81 63 41 66 67 28 66 11 52 58 25 67 32 67 13 14 25
1000
72 12 83 45 91 36 83 62 40  3 64  5  1 76 87 93 73 80 13 64  8 60 25 52 87 85 34 96 21 65 13 84 61 69 72 59  7 47 13 47 65 99 39 19 45 98 29 10 41 83 49 85 19  3 89 13 98 93 62 59 56 16 63 53 29  3 77 91 75 56 77 50 82 90 53 78 98 86 79 73 95 43 20  7 97  9 73  2 47 12 68 90 17  3 74 22 66 30 49 94  6 83 27 15 62 68 52 18 64 23 34 48  9  2 35 11 42 74 88 25 14 38 74 83 92 68  7 77  7 77 44 16 40 99 93 72 82 32 63 56 98 78  6  1 61 19 33 25 38 25 56 39  2 38 37 94 75 74 12  2 30 17 57 13 81 59 85 28  4 68 92 42 45 80 80 39 21 18 74 12 76 30 56 32 15 93 34 35 87 11 26 89 63 44 83 35 80 99 53 75 56 82 17  9 84 56 79 26 81 10 36 74 94 40 57  8 72 43 84 10 73 36 19 72 71 75 87 81 68 43 51 74 40 74 66 43 12  9 24 56 28 78 40 98 74 61  2 51 15 22 20 29 85 79 98 75 21 49 14 45 50 69 71 37 39 61  1 38 34 88  2  6 44 51  3 19 89 53 34 99 59 88  4 47 32 30 85 74 59 76 80 31 34 80 63 89 35 47 94 74  6 88 61 25 58 28 86 19 10 87 37 95 13 67 79 84 13 47 22 78 51 97 44 59 30 48 36 55 69 53 90 78 80 35 83 34 21 99 90 48 58 17 12 25 59 78 79 74 14 71 53 28 29 61 23 36 72 51 41 78 75 67 74  4 87 99 87 54 36 22 54 95 99 92 97 65 13 61 80 94 98 53 68  7 16 39 99 21 33 93 36  3 51 76 24 16 42 19 29 20 14 78 71 49  2  9  9 11 18 96 79 22 54 85 89 73 44 50 92 53 42  3 35 79 44 18 70 66 78 19  6 54 68 98 37 30 38 97 14 85 24 49 42 59 32 57 18 10 56  3 87 64 93 30 31 21 34 92 36 88  3 57 73 11 61 66  9 20 43 35 36 68 32 68 84 20 50 95 43 69 10 89 56 85 70 12 20 95 43 22 80 84 70 69 74 81 65 88 86 38 17  2  7 82 82 14 92 50 75 57 13 80 38 62 23  9 64 40 80 62 60 60 32 20 18 31 57 73 90 43 10 41 77 80 26 97 23 81 98 18 89 67 41 20 41 67 19 37 85  2 55 55 62 31 26 26 66 24 24 46 20 90 75 48 74 64 68 17 36  5 88 45 19 51 95 37 31 75 98 22 93 11 14 92 68 50 20  2  6 16 63 22 15 74 88 93 40 30 24 48 29 73 71 13 47 88 25 75 75 56 23 71 11 23 79 42 95 53 19 19 75 55  8 58 29 76  1 32  1 28 59 77 82 43 75 94 99 54 59 20 50 57 13 28 43 32 61 30 32  6 88 38 65 58 89 90 86 60 14 27 38 13 26 23 74 39 99 62 12  9 49 64 36 22 82 50  8 59 55 65 22 41 57 13 70 36  8 34 79 69 54 16 93 10 82  1 49 70  9 48 60 53 77 71 51 17 30 51 51 30 29 46 63 52 29 22 42 96 94 66  9 21 97 73 36 15 67 44 69 14 67 33 80 38 20 87 43 83 97 21 71 13 85 72 20 33 75 82 84 90 96 54 67 51 16 15 65 31 88 66 21 40 21 34 58 34 70 39 69 25 15 37 51 76 21 17 46 60 25 83 63 40 64 66 65 43 16 26 77 38 57 59 75 89 28 92 90 70  1 65 84  2 92 38 69  6 47 31 29 32 53  8 54 97 37 52 78 32 28 20 85 98 44 28 32 78 29 72 32 29 20 53 96 57  1 96 41 21 14  6 41 49 65 72  6 98 51 63 46 68 98 40 73  5 70 92  6 89 58 64  4 88 43  9 27 54  9 47 35 64 97 47 92 41 71 64 28 39 42 80 11 70  2 53  9 40 37 92 95 65 11 65 97 44 48 25 38 58  4 17 99 94 87 22 26 52 43 89 19 51 58 63 84 38 75 21 20 13 80 70 92 95 39 22 42 84 82 78 80 20 63 18  6 37 28 31  2 54  5  6  1  1 81  6 57 41 72 54  7 80 51 60 81 96 13  6 36 15 24 32 87 84 10 18 58 51 88 15 99 29 65 83 97 80 60 33 60 82 42 28 97 47 49 61 82 11 99 52 81 63 95 68  8 42 34 15 29 55 59 27
38 83 89 56 27 27 39 67 32 38 10 19 84 77 64  5 61 73 20 60 75 23 45 18 76 73 81 54  2 60 73 14 13 19 37 79 15 38 99 76 59 60  5 53 78 40 67  2  7 96 10 37 79 73 75 37  5 38 15 46 86 62 91 76 33 50 13 90 57 13 15 69 38 59 81  5 37  5 24  5 74 50 70 95 72 55 43 61 53 77 41 67 61 53 68 31 79 61 94 70 81 82  3 67 70 55 68 22 23 64 42 38 82 33 20 14 68  1 90 13 90 41 11 27  1 79 10 44 87 23 72 28 50 68 86 44  7 10 54 64 44 85 51 33 81 43 21 43 16 26 65 92 33 39 87  9 11 20  1 99 13 47 76 54 81 42 73 24 28 17 64 85  4  8 25 49 75 49 45 71 80 95 70 21 89 13 82 16 65 25 26 93 48 94 85 12  7  6 15 50 63 76 70 40 40 69  9 88 27 61 64 35 88 29 86 62 78 27 66 72 41 50 71 86 20 30 59 15 37 57 14 28 34 42 33 19 84 67 12  2  2 90 19 97 51 78 47 86 41 95 45  3 53 82 91 96 24 21 32 11 78 99 97 22 62 37 37 11  3 67  8 80 88 15 92 68 75 63 75 45 46  9  3 15 84 32 83 20 53 90 28 68 40 38 19 22 91 38 66 97 52 17 77 52 87 45 73 84 36 64 64 57 65 15 19 29 41 29 31 13 57 12 60 78 11 87 73 80 62 38 96 81 20 36 80 57 51 69 17 40 31 84 24 14 66 83 56  9 70 94 19 95  4 48 15 44 20  4 96 14 17 89 89 21 92  5 59 15 85 18 88 72 12 56 98  9 69 35 18 70 17 95 56 11 50 57 47 77 48 16 90 74 47 99 37 28 88 10 78 95 39 21 28  9 86 26  7 60 98 57 61 47 48 98 56 21 43 17 63 18 66 58 51 73 82 19 93 65 28 16 94 66 18 51 69 52  5 83 74 80 24 65  3 71 10 88 13 37 21 19 94 30 75 42 98 93  8 87 49 90 71 75 52 37  5 72 12 34 13 61  3 40 99 76 82 96 57 90 51 13 28 11 70 14  9  4 21 49 29 66 17 16 92 78 18  1 99 94  8 13 82 91 96 60 67  8 82 27 96 63 74 42 42 66 82 32 23 90 16 17 70 30 33 14  5 19 48 62 61 10 26 35 27 18 62  9 77  2 48  9 36 88 63 40 31 23 54 21 38 33 52 47 13 40 88 31 56 23 85 48 83 36 49 40 80 79 46 31 72 65 49  7 28 39 99 39 94 57 79 17  5 49 25 13 70 84 66 47 46 90 83 30 58 58  5 27 59 37 34 77 78 45 23 66  5 34 26 27 52 13 90 92 77 42 35 61  2 98  9 56 15 86 71 20 78 65 56 72 97 84 23 58 67  2 85 42 34 74 30 40  3 72 85 73 33 20 45 94 73 50  1 80 82 53 49 66 24 82 27 93 63 90 26 23 24 40 16  7 62 78 75 87 49 82 83 86  7 15 83 49 37  2 77  1 19 70  5 34  1  6 79 86 33 29 47 29 88 31  5 51 60 82 41 22 91 11 46 93 51 22 21 21 68 42 36 37 92 49 81 88 43 28 31  2 71 46 22 63 99 78 71 54 71 38 28 39 53 78  4 38 36 43 70 63 28 97 88 41 44 47 54 57 85 76 16 66 59  2 93 45  6 87 57 26 60 98 43 43 19 13 93 95 46 42 88 54 75  3 20 24 37 46 67 94 89 26 88 88 15 72 62 69 94 81 79 44 66 77 93 28 89 61 58 13 35 11 96 22  6 60 61 10 32 25 68 27 43 29 82 85 76  1 91 57 77 17 66 56 41  8 26 21 37 53 68 82 83 38 85 51 36 63  8 20 29 11 12 97 12 34  7 83 77 16 54 25 92 38 49 71 21 67 69 44 88  5 20 83 96  7 43 41 26 90 21 93 61 37 59  1 66  6 75 64 82 13 63 61 72 40 33 16 53 10 62 47 18 73 47 55 18 80 94 31 32 76 79 20 25 48 46  6 64 40  8 71  9 96 36 44 14 75 32 91 72 65 49 55 36 63  7 63 68 13 34 10 17 50 34 16 83 24 48 71 92 76 45 65 21 69 26 38 29 53 78 87 34 35 66 68 24 69 71 71 31 65 66 64 69 63 90 27 93 70 99 57 89  8 35 32 90 94 10 41 93 93 95 88 81 67  8 10 50 80 14  9 23 29 71 20
91 56  1 49  4 16 45 24  7 95 46 50 57 17 31 36 71 79 46 50 95 21 80 98 24 23 85 59 40 61 60 32 97 43 86 97  4 49  3 12 57 71 27  7 39 39  1 43 36 45 45 69 51  9 22 80 43 49 87 40 84 38 31 46 83 25 77 80  7  8 86 40  4 42 23 72 27 64 55 20 73 78 43  7 75 32 30 91 71 88 42 83 44  6 60 27 92  2 64 31 95 79 46 67 36 91 20 23 70 90 74 48 88 56 91 25 99 96 44 62 12 24 53 37 93 46 72 62 60 52 75 34 31 56 35 63 89 80 54 27  9 72 50 56 74 94 45 63 24 21 29 65 16 34 63 50 15 59 31 11 74 90 75 18 80 20 13 61 39 44 33 70 12 44 15 48 92 19 76 33 70 15 34 14 80 76 98 73 47 45 36 36 76 76 78 39 18 46 98  7 50 86 44 52 68 89 33 56 37 65 29 59 46 58 27 75 78 16 30 69 57  9 22  4 98 18 90 28 82 76 21 96 98 74 66 22 66 93 37 97 71  3 50 17  3 59 27 60 98 12 94  5 52 53 67 40 62 46 47 43 69 87 36  9 49 22 60 77 42 36 33 61 74 74 90 51 96 95  3 27 78 28 48 71 96 15 19 54 70 47  5 60 71 30 45 24 99 89 75 15 16 53 53 12 62 57 80 54 50 42 64 39 87 24 80  2 69 78  3 37 89 78 30 88 88 78 79 41 89 54 26 26 77 56 79 90  1 54 71 44 17 87 26 59 88 69 48 72 38 17 62 26 26 65  6 27 85 24 79 78 67 13 85 68 87 13  2 53 10 14 38 16 44 29 64 88 34 13 87 43 68 46 95 12 68 47 72 26 67 11 35 72 26 36 58 61 13 88 53 18 50 45 67 63 36 63 48 50 66 95 36 72 51 79 94 60 58 14 74  4 60 90 44 63 97 76 58 61 66 51  2 29  8 87  8 93 21 42 52  5 38 31 22 47 63 86  3 42 97 16 35 76 98 30 10 75 16 19 64 83 16 21 79 29 48 89 79  4 10 45 56  8 28 98 94 27 38 92 69 75 96 36 46 20 77 37 58 85 38 72  5 59 54  4 87 66 86 98 70 47 73 95 28 25  1 13 88 64 85 46 14 21 64 39 81 64 67 39  8 81 31 33 80 84 70 66 60 96 16 95 94 82  4 11 77 70 56 37 45 62 14 32  6 23 30  3 23  6 60 78 46 29 24 50 54 81 74 75 68 23 50 43 16 98 82 94  2 90 86 21 71  8 99 70 32 50  4  4 16 68 80 58 64 95 16  3 59 47 13  8 90 31 37 40 49  2 52 31 18 95 80 27 43 30 65 49 99 77 83 86 33 73 38 16 98  5 58 58 70 31 48  4 47 56 69 33 22  9 79 79 61 31 98 60 62 43 89 32  9 52 92 12 67 53 43 31 30 51 92 33 11 88 21 88 78 61 76 16 18  2 34 21 76 73 96 78 36 18 47 24 74  9 49 64 38 79 51 71 87 25 50 52 12 69 90 66 93 33 16 73 72 66 59 22 93  9 37 36 37 28 67  2 18 61  2 35 23 35 88 77 14 18 24 16  2 68 41 47 57 84 40 40 62  8 34 65 82 96 32 79 61 21 27 77 92 65 62 89 95  3  2 73 33 34 90 38 57 35 79 58 59 97 60 86 32 50 55 69 77 27 90 75 84 90 58 74 96 37  8 90  7 92 66 14 72 67 15 14 85 29 87  5 15 49 92 15 28  6 12 95  6 83 75 23  8 45 90  3  8 42 18 12 64 89 57 78  7  1 94 63 61 29 66 90 47 85 98 95 66 36 50 39 85 65 84 71 91 82 20 53 19 53 33  2 32 41 56 90 38 73 80 81 98  3 61  5  3 92 13 17 94 74 63  3  4 50 35 11  9 73 86 86 76 71 66 42 66 55 13 67  5 48 69 80 75 26 35 60 38 91 52 53 14 47 51 61 79 84 71  4 59 44 14 62 33 18 50 67 62 49 62 20 19 73 40 33 98 56 51  2 67 43 22 67 67 60  6  7 15 31 73 67  7 71 28 43  8 85 21 63  4 15 88 70 50 34 67 24 13 58 14 65 48 79  5 20  7 67 95 76 22 57 83 97 91 63 38 37 39 60 37 28 62 10 38 18 26 83 90 73 58 90 70  4 48 46 39 22 25 18 24 75 23 52 59 43 48 61 31 30 72  9 47 12 99 90 89 42 68 89
1000
52 81 68 37 35 67 54 54 87 89 53 89 30 77 56 89 19 31 16 43 88 41 23 41 80 34 80 56 66 21 66 47 99 61 11 95 30 54 29 63 92 34 26 83 54  5 40 47 13 37 38 23 30 83 63 19 86 70 27 42  5  8 84  1 40 73 78 25 51  5 57 70 22 74 38 24 21  8 34 42 97  1 66 55 90 37 30 51 17  6 77 23 82 33 82 50 74 43 23 39 83 74 16 13 95 58 41  8 31 21 73 33 48 92 49 56 14 32  1 44 29 61 61 66 71 40 97 45 79  5 34 64 94 53 15 99 11 31 22 55 27  3 88 43 48 27 14 14 72 33 15 24 47 10 12 81 71 50 33 79 64 16 56 30 13 50 95 49 47  3 59 34 86 66 13 34 20 21 64  3 25 46 78 23 47 41 82 40 70 82 90 69 86 73 61 48 78 40 90 46 70 45 38 49  9 86 58 25 60 13 39 18 82 35 97 23 82 16 84 89 77 93 37 29 26 51 48  7 64 70 24 16  8 25 35 34 84  9 89 44 78 99 92 94 15 31 88 91 63 83 48 14 84 47 93 29 30  5 16 48 74 16 90 14 29 44 83  2  3 20 63 26 70 61 60 44 72 83 20 55 47 76  8 19 99 41 60 59 17 81 50 86 31 18 72 29  3  5 85 84 15 19 68 56 87 98 13 80 39 85 58 57 89 82 93 49  7 37 87 70 52 51 72 84 13 55 25 14 56 99 26 52 36 82 30 37 21 34 18 69 15 35  9 69 25 73 53 27 10 65 53 14 71  3 28 74 93  3 14 17  1 30 30  2 33 83  9 30  9 66 83 70  6 97 74 81 87 29 90 22 90 28 84 64 75 53 18 53 41 28 19 42 64 38 94 34 98 32 69 94 45 55  1 74 72 79 17 60 70 10 27 63 44 55 29 58 92 60 87  4  4 61 77 15 11 63 98 13 59 74 52 15 12 70 88 63 70  4 27 48 14 23 69 57 56  4 24 88  6 19 36  2 51 13 99 79 34 26 78 87 50 93 97 25 18 77 21 65 36 14 99 65 52 47 12 51 23 64 23 16 22 68 87 42 23 78 36 94 59 35 67  4 17 80 83 17 49 79 50  4 92 75 18 53 79 39 58 21 43 38 43 64 40 85  9 50 22 59  1 65 15  6 17  3 99  3 16 49 45 93 42 73 82 83 49 85 62  5 47 92 38 19 55  4 42 84 58 31  6 91 52 69  4 12 67 79 26 58 24 29 72 96 73 89 29 88 26 65 89 48 12 75 26 29 89 35 88 11 91 68 39 97 34 19 57 59 16 37  9  3 27 20 21 90 63 80 12 35 73 58 61 96 62 47 72 81 86 52 36 30  7 96 35 21 70 26 84 82 24  9 42 70 83 93  8 46 55 38 81  7  4 24 14 80 62 56 52 77 81  8 56 22 27 99 57  7 15 88  5 55 18 67 78 84 24 23  7 68 42 15  5 68 35 89 83 17 65 49 93 47  1 63 91 62 46 91 14 57 63  7 59 32 52  3 50 41 63 25 69 16 37 95  2 46 32 97 13 37 27 30 60 17 21 33 81 12  6 32 10 31 21 80 35 11 31 91 48 89  3 25 90 88 75 87 62 89 21 31 87 97 74 63 77 13 33 17 64 99  5 99 92  8 24 65 50 27 14 37 18 83  3 86 45 30  1  6 33 66 42 82 19 68 70 78 27  4 58 33 18 93 87 28 64 31 20 15 45 39 86 90 68 45 47 63 78 99 30 70 74 51 82 10 58 83  9 22 82 76 76 30 87 94 44 80 67 76 11 49 61 81  1 46 66 70 81  5 93 92 37 10 11 29 49 49 58 79 19 40 82 42  9 97 62 93 68 94 47 15 37 46 94  8 79 27 26 67 43 98 40 87 12 45 36 20 15 98 60 85  9 77 86 93  6 68 20 56 67 69  2  6 42 38 51 62 94 42 28 44 67 48 37 69 32 19 14 93 84 60 31  6  8 17 49 73 99  8 39 91 91 11 88 83 68 27 90 85 24 12  3  4 67  8 97 83  6 82 32 12 84 53 36 63 36 31 65 96 61  1 65 21 49 30 23 67 38 32 41 31 57  1 41  1 19 39 68 32 31 22 61 69 29  5 40 20  3 95 60  2  3 23 43 37 16 98 44 58 57 23 28 11 91 96 95 21 99 30 81 34 43 77 53 58 17 83 63 72  4 92 25 35  5  9 23 77 34 53 58 92 14  2
76 59 78 92 80 97 36 35 28 26 43 50 58 21 30 17 59  9 58 65 12 74 83 14 10 79 30 55 57 38  4 75 87 28 64 37 81 59  9 67 25  3 42 42 72 39 28 79 48 55 54  2 72 89 88 51 97 40 77  6 16 74 28 67 44 83 75 62 59 29 59 40 19 20 84 79  3 10 60 21 68 82 17 41 59 27 21 49 52 75 19 15 60 11 45 22 62 61 78 97 44 26 67 27 95 36 75 44 69 53 94 93 85 86 98  3 55 38  4 67 61 70 23 26 21 91 74 45 45 99 32 58 63 46 16 87 87 93 90  8 24  6 21 27 27 45 83 64 85 49 64 29 50 34 82 85 45 26 65 53 47 42 76  9 27 31 36 17 12 70  3 82  1 51  2 71 58 50  9 50 40 49 63 33 57 48 65 77  5  9 22 36 91 22 10 15 51 21 30 50 28 58 68 55 88 33 95  3  2  7 20 53 94 30 51 63 72 15  1 12 69 92 73 40 94 98 40 67 62 92 84 93 75 96 49 39 27  4 14 14 83  2 32 89 38 46 46 77 53 97 20 51 44  9 17 63 80 92 84 84 99 77 63 15 66 55 94 26 44 66 59 51 39 55 16 80 75 31 66  9 71 73 42 13 18 61 10 80 81 70 64 97 33 75 68 59 62 63 36 49 89 34  5 26 25 40 98 65 82 18 75 36 61 63 80  7 42 78 18 65 17 26 44 14 76 45 15 13 77 85 74 31 23 92 39 86  4 71 93 31 96 24 59 60  6 68 39 42 21 22 25 37 68  2 68 53 93 86 51  8 84 45 54 56 21 89 51 76 35 66 44 94 70 63 58 63 87 21 99 77 63 56 95 34 57 20 37 76  8 97 83 74 52 94 42 37 87  6 12 23 37 93 73 86 71 74  1 68 28 95 98 25  4 77 98 83 74 58 80 76 31 25 81 21 72 43 93 85 33 67 50 33 59 63 89 85 35 15 86 85 45 62 27 19 21 11 77  5 42 10 74 59 55  2 56 65 23 15 16 87 30 52 64 25  4 34 70 69 58 64 99 40 22 94 73 24  4 51 96 26 24 13 52  1 88 66 21 10 24 60 25 84 37 97  8 44 90 43 90 99 67 84 53 15  1 12 16 11 19 86 33  3 53 66 64 82 60 60 55 50 27 37 97 59 18 45  6 26 52 50 65 39 12 89 62 61 73 95 65 70 35 56 14 72 32 78 32  8 36 21 16 26  2 97 21 15 10 61 66 55 69 32  9 83 18 74 56  9  3 10 44 98 32 90 32 21 25 53 29 89 42 57 54 16 39 61 33 74 97  3 14 61 51 56 12 39 96 72 12 81 22 17  9 27 89 99 12 44 47 77 86 31 74 12 19 82 74 18 49 77 27 66 98 98 37 26 49 17  1 37 31 76 15 12 23  3 40 28 25 67 18 38 27 70 30 99 17 41 23 74  8 70 39 61 50 85 59 92 92 74 31 65 42 57 25 12 73 28 12 57 66 37 37 75 81 14 13 40 76 79 20 62 81 18 31 80 16 12 32 63 51 53 93 72 37 34 48 88 24 59 24 90 92 60 20 36 72 49 67 71 91 20 77 84  7  1 39 10 10 14 66 41 32 74  6 66 38 24 96 66 30 42 94 77 18 43 34 62 83 19 88 57 40 26 61  4 85 43 56  2 72 15 50 83 18 62 57 97 96 20  3 34 76 26 87  6 47 57 20 14 70 10 53 62 79 34 78  5 10  4 62  8 34 34 45 91 57 72 25 12 31 36  2 47 76  3 55 51 97 11 12 80 57 76 29 31 49 50 70 61 49 19 99 83 86 50 37  7 98 75 20 52 83 53 80 35  8 28 56  4 56 50 23 56 12 80 16 34 21 68 26 96 55 11 49 28 61 55  5 59  5 53 18 99 18 51 73  2 93 75 39 25 97 61 44  3 67 88 60 21 57 42  8 59 54 14 55 16 18 45 50 86 28 34  4 44 56 35 42 12 35 56  8 82 61  8  9 56 33 58 83 39 46 90 94 53 34 12 59 55 34  9 49 48 75 48 96 81 24 57  4  3 68 91 73 55 87 59 70 56 62 97  1 40  3 49 22 33 18 68 72 46  8 48 50 87  9 17  7 67 55 17 24 66  2 26 57 73  6 63 45 80 98  1 55 89 80 63 64 24 49 63 66 46 61  1 10 76 56 72 54 86 10 66 76 47 51 16 96 37 81 16 55 16 89 77 49 38 37 22
93  1 53 44 88 57 57 99 61 37 49  3 32 60 30  1 76 29 71 59 98 90 27 53 60 59 60 41 55 87 94 26 88 14 13 56 14 19 19 18 26 31 70 28 24  7 34 41 51 11 79 77  1 55 58 64 70 21 71 94 67 48 94 13 28 63 14 10  3 96 57 70 67 18 38 96 69  6 32  7 94 12 71 54 81 21 18  9 51 58 42 83 15 75  2  6 15 11  9 21 12 13  9 80 68 96 88 34 82 31 74 83 88 31 41 35 57  3 38 68 27 52 30 24  3 88 26 20  5 63 59 77  1 47 70 27 65  4 94 89 21 92 51 75 61 44 79 67 56 54 97 97 49 69 99 25 29 76  4 94 54 72 85 93 85 85 59 37 10  7 91 35  7 25 88 60 45 67 87  7 67 42 88 99 76 76 48 82 35 96 71 82 76 11 94 84 15 53 60 67 70 50 36 79 89 20  8 25 59 40 63 70 58 78 75 13 30 67  8 40 30 48  6 67  7 66 19 26 67 67 94 26 66 81 72 27 76 66 12 97 97 95  3 47 80 23 98 29 43 11  6 53 22 33 78 33  2 22 40 35 71  1 83 92 58 47 25 43 97 60 82 70 31 28 75 54 41 24 33  8 89 20 13  8 51 10 50 61 23 45  8 47 58 55 28 75 59 71  8 66 29 21 41 10 28 57 20 65 51 42  4 17 16 53 42 37 38 20 86 86 54 48 60 89 43 40  3 46 81 92 51 49 71 61 11 68 83  7 93 70 60 31 69 93 45 32 31  1  2 13 25 83 29 92 31 76 17 70 30 51 48 88 56  7 67 79 35 78 59 51 80  5 52 59 49 13 82 72 80 53 13 43 45 91 60 27 51 93 83 63 87 72  7 55 61 26 79  4 15 38 49 90 11 31 22 13  5 77  6 60 85  1 18 59 12 94  2 99 53 90  8 59 18 67 14 75 28 83 12 42 79 94 36 92 62 66 35 55  4 24 28 25  2  3 86 83 98 24 99 89 56 76 96 32 31 62 27 48 49 88 96  9 95 14 92 65 73 69 52 29  9 48 84 61 18 92 50 65 92 23 80 10 67 24  6 38 32 31 70  5 81 72  6 45 99 37 55 95 29 78 38 50 42 36 67 43 63 60 39 26 96 34 42 35 53 72 64 48 40 19  5 78 85 93 47  3 70 49 65 17 73 19 44 28  5 23 72 94 23 96 18 92 86 38 48 96 17 35 42  4 30 49 58 65 96 75 73 46 27 11 55 38 64 30 56 69 50 68 33 54 77 48 39  1 81 42 57 19 78 22 17 82 64 89 82 40  8 69 77  7 59 92 22  9 93 82 42 33 15 33 33 81 54 34 80  8 62 77 41 98 31 32 99 72 48 83 58 65 77 58 15 56  3 19 43 45 24 33 43 49  4 95 18 69 22 33 83 70 10 84 43 36  9  2 55 54 75 48 29 51 49 76 87 17 21 75 71 93 94 26 76 89 45 63 85  3 65 71 99 10 84  3 23 15 37 10 69 91 99 45 75  6  7 59 74 20 51 19 81 48 54 61 77 10 83 14 68 10 25 72 44 79 26 16 36 21 86 13 30 50 98 10 39 49 27 29 16 89 45 85 85  1 50 16 52 43 41 45 10 62 10 94 24 94  9 38 10 24 10 79 40 90 47 53 64 97 68  9 40 53 82 80 17 72 61 11 71 58 42 49 17 80 79 39 99 57 91 44 50  1 95 19 59  7 99 23 94 31 76 60 60 12 83 68 60 45 54 36 76 79 72 93 12 79 90 44 27 74 41 32 38 87 82 27 55 65 88 37  3 21 98 46 93 20 67 39 69 90 25 34 31 60 26 28 71 10 21 61 98 48 52 37 68 16  1 30  5 35 10 86 53 43 33 43 64 10 45 89 21  5 43 30 61 22 79  1 41 54 52 93  6 53 31 82 77 67 87 26  2 52 36 89 21 49 92 54 21 62 39 71 59 26 67 14 71 51 44 91 56 16 38 37 75 12 73 64 97 83 10 42 98 89 13 35 15 26 73 65 42 95 31 44 81 56 95 92 39 60 67 71 46 60 27 77 25 37 26  1 16 26 69 90 68 19 98 65 80 12 71 41 64 93 56 24 94 86 63 76 75 96 87 60  9 47 58 86 17 75 10 92 58 92 15 24 10  9 68 56  7  4 90 27 69 80 16  9 49 20 77 33 67 40 51 18  1 12 37 78  1 18 64 46 70 55 38  1 42  9 59 34
1000
96 15 89  1 31 16 24 11  5 77  8 81  4 14 91 47  2 55 62 57 81 20 29 32 28 79 68 52 72 71  2 80 53 26 38 33 99 35 93 60 90 14 21 65 53  7 53 97 63 59 41 46 50 78 40 81 56 60 66 54 49 51 70 88 21 99 93 98 43 20 49 33 14 36 37 41 56 21 71 22 52 25 60 80 64 24 89 36 46 30  4  1 63 43 33 98 60 64  4 96 45 96 68 29 32  2 74 61 45 91 33  4 84 37 29 94 82 69 85 13 12 98 47 83 66 10 12 90 59 72 25 12 44 94 60 76 88 39 90 84 86 65 67 36 41 52  6 79 26 66 68 44 43 46 25 74 16 36 54 48 81 42 57  6 23 14 78  7 17 34 97 49 65 46  2 99 80 88 70 20 38 28 34 40 73 63 98 14 55 80  1 79 58 54 96 27 60 33 57 31  7 46 20 98 61 82 84 70 24 77 81 17 38 61 26 83 59 44 22 99  3 46 66 28 13 35 21 56 15 68 92  7 24  4 84 60 97 38 48 23 48 96  6 83 85 51 14 93 83 17  9 82 76 50 41 18 23 12 83 82 88 49 40 85  6  3 67 86 65  4 49 69 49 61  7 15 23 61 48  3 63 28 65 59 52 19 61 92 39 20 17  4  8 31 55 72 13 89 76 35 26 82 45 10 17  5  8 48 58  7  3 99 71 79 53 88 26 85 37 99  4 17 91 59 76 63 60 54 49 74 77  8 75 24 37 89 62 13 21 94  7  1  3 86 72 99 17 79 28 88 44 65 50 42 46 88 73 61 54 38 39  7 81 62 14 33 80 92 75 61 58 52 56 11 24  4 70 69 31 16 37 97 49  3 12 65 74 25  3 40 36 66 73 65 53 40 60 20 33 24 36 77 94 93 40 82 81 82 78  5 21 66 48 39 27 23 80 88 20  9 94 67 79 36 11 47 83 89 52 27 70 40 35 30 14 42 78 49  1 39 86 70 88 93 33 33 93 85  4 44 78 32 48 60 21 97 57 48 88  9 41  4 56 67 68 47 17 16 67 33 63 15 57 59 30 91 61 40 48 26 15 49 45 26 43 14 97 55 93 44 72 67 30 58 78 51 34 37 96 56 21 34 50 51 26 91 51 99 21 26  9 48  6 43 56 52 90 62  7 51 71 69 18 63 15 43 27 24  8 58  1 39 47 91 46 16 11  1 76 37 73 22 67 84 40 84 66 46 23 82 94 49 75 94 38 46 83 32 36 82 13 83 35 52 16 40 41 65 54 31 42 35 41  5 51 24 94 33 35 76 68 21 92 97 49 97 46 93  5 25 86 81 62 13 64 69 14 53 15 37 54  3  7 70 11 93 85 97 48 96 41 32 32 74 61 97 72 37  9 30 77 44 61 49 22 92 67 85 25 63 89 10 26 24 31 20 67 39 61 44 14 62 18 52 75 81 96 51 20 23  5 18 72 64 62 20 22 61 57 49 92 72 78 80 69 34 65 90 56 35 29 28 86 84 84 70  4 70 34 11 74 72 49 77 38 22 75 67 89 19 90 50 86 45 10 91 51 22 33 75 59 40 66 35 61 49 44 87 31 35 18 10 99 94 66 91 83 73 97 80 54 23 20 11 78 96 34  4  2 68  7 10 14  6 84 26 59 27 41 89 83 36 77 94 75 33 90 40 45 16 27 30 36 95 48 45  5 42 13  8 22 39 69 20 47 13 31 65 13 74 99 77 63 59 50 37 14 36 22 95 16 70  3 76 42 72 17 84 42 67 93 70  5 42 86 91 39 27 81  9 79 31 29 34 57 82 29 52 15  9 29 76 63 28 99 63 31 47 88 13 81 43 60 28 71 16 65 34 99 57 73 58 94 66 82 15 89 98 44 91 94 75 86 51 19 46 91 62 78 70  1 48  1 63 69 30 25 72 93 42  5 15 15 88 69 20 23 74 38 66 79 48 90 23 66 94 34 12 54  3 21 39 57 25 31 40 65  5  4 78  6 77  9 16 19 35 14  4  3 19 96 92 16 23 99 56 66 98 28 73 41 47 97 37 40 42 38 96 85 82 63  9 12 38 32 47 35 52 17 75 80 81 86 55 15 16 16 45 95 46  2 10 11 46 77 78 40  2 99 50 35 56 62  9 40 46 42 84 99 28 38 89 44 37 14 61 22 87 97 75 82 22 28 79 10 57 68 84 91 16 73 60 59 68 61 48 63 25 64 90 77 82 73 26 45 42 92 32  9 16
30 81 48 88 14 28 11 33 26 77 64 99 76 83 79 74 48 85 31 89 38 49 23 19 17 70 79 89  4 35 53 49 12 92 22 21 52 46 14 57 36 95 20 40 68  8 31  6 51 97 80 42 80 80 41 42  5 93 62 24 13 48 45 42 51 73 80 73 41 93 97 87  2 43 48 40 20 60 58  9 92 64 60 63 68 99 63 54 61 90 29 53 35 46 17 99 89 63 66 34 63 85 38 10  5 47 64 58  4 18 26  2 42 79 35 19 79 47 21  3 98 85 69  5 45 39 22 89 96 96 15 97 76 32 67 16 64 49 89 94 63 86 77 82 81 24 87 52 19 70 32 95 65 26 58 13 64 41 35 57 44 50 55 22 44 48  8 92 83  5 75 97 98 78 97 84 81 91 17  8  1 83 94  8  9 33 35 26 57 72 81 46 24 61 35 11 65 10 54 32 70 25 24  8 50 69 48 61 11 42 39 25 46 52 81 15 94 38 60 48 14 87 14 83 35 63 98 78 72 81 11 60 68 31 68 16 70 36 87 15 32 24 61 68 96 84 47 23 60 80 40 18 66 59 98 74 45  3 19 51 96 12 87 64 70 22 16 76 25 89 76 76 28 29 77 43 77 33 48 52  3 90 38 89 60 83 56 80 98 62 43 19 25 58 61 65 93 80 64 16 57 82 56 16 35 10 31 14 57  9 53 92  5 34 15 74 74 17 16 96 96 89 34 57 26  4 75 79 91  2  1 99 85 15 22 99 89 26 96 36 61  3 76 19  8 27 87 90 97 58 21 15 39  1 92 92 47 23 20 19  7 24 44  1 80  8 62 84 91 47 38 88 83 18 11 80 14 43 18 56 42 62 40 73 30  6 81 14 84 95 52 86 44  9 90 31 59 79 95 57 80 21 74 98 55 10 70 48 27 73 94 92 35 90 40 12 48 22 64 64 49 11 70  9 16 26 87 67 68 91 78 23 18 51 28  2  9 41 28 41 40 59 72 74 23 88 69  1 76 73 84 48 88 92 69 68 83 62 19 32 65 94  5  9 92 55 79 63 89 49 89  2 48 16 97  1 62  3 79 79 99 14 15 36 85 21 24 60 78 70 28 78 18 49 76 47 34 62  5 34 76 10 39 53 12  8 60 96 39 50 86 74 60 21 22 80 44 84 47 70 26 13 34 40 88 28 64 65 39 44 23  2 50 26 21 13 53 10 93 40 44 83 48  3 80  7  2 22 48 18  2 55 38 52 92 60 19 23 47 34 15 16 12 47 61 26  4 85 89 37 44 24 14 37 94 88 47 10 33 25 81 79 63 50 16 47 52  7 31 13 33 57 29 66 59 98 44 55 71  1  6 50  8 40 85 71 67 59 67  9 99 74 45  2 47 93 18 92 60 56 12 33 72  2 81 46 58 94 44 96 20 42 64 22 53  3 50 77 10 15 64  4 44 38 31 91 91 58 39 47 48 71  5 25 27 61 81 99 44 55 82 99 41 16 64 90 89 83 23 94 78 26 66 19 66 56 93 11 93 12 55 26 88 38 13 66 58 73 46 46 92 44 34  4 30 19 13 82 29 94 67 90 92 88 44 93 70 19 71 85  5 84 79 81  8 96 75 97 62 69  5  6 34 53 39 88  8 41 69  1 88 91 92 44 10 95 97 68 55 63  1  5 87 48 89 28 86 54 80 23  7 65 16 80 46 71 41 27 26 52 94 95 96 97 68 97 37 82 40 73 50 59  4 61 19 36 49 73 17 52 45 98 52  8  9 70 48 68 46 54  2 51 65 95 41 77 28 12 81 72 17 15 88  7 53 62 58 52 14 91 37 45 28 12 37 36 26 48 92 91  7 34 46 81  9 27  7 13 81 80 11 10 90 54 37 38  2 90 78 99 34 96 25 34  7 41 68 14 80 78 52 32 40 48  4 10 81 88 57 33 16 68 76 92 11 96 61 28 97 44 33 55 43 60 69 89 97 97 68 77 43 85 89 50 65 89  4 78 89 23 20 58 28 85 39 82 16 52 43 80 81 11  7 10 23 33 20 55 30 61 30 49  7 59 34 42 65 70  7 21 48 24  6 75  3  1 52 21 23 28 25 75 42 22  3 83 74  3 79 19 71 88 34 66 11 33 51 63 81 38 69 36 68 55 35 43 65 81 49 23 78 93 28 47 57 57 97 99 64 71 93 76  4 28 62 79 36 68 94 21 22 94 14 40 90 23 90 33 50 87 97 78 45 47 84 35 16 20 51 23
65 45 95 64 42 89 72 61 44 41 76 93 12 38 97 79 61 15 86 82 59 69 50 24 96 96 40 86  6 55 66 87 85 68 29 81 30 27 87 91  8 20  5 36 57  2  2 13 40 23 53 97 37 38 54 28 36 13 77  1 84 48 16 38 74 54 20 71 35 89 37 46 72 36 34  1 38 21 14 58 37 41 61 67 18 38 74 49 98 98  6 41 22 61 27 19 47 54 50  7 65 65 89 64 16 76  4 57 25 87 26 95 18 24 34 15 13 71 67  4 17 54 80 94 15 53 10 33 49 51 77 41 61 11 78 25 35 28 78 19 32 35 42 61  5 29  2 81 63 65 64  3 33 23 73 84 89 44 56 57 67 72 23 32 14 54 96 90 34 80 62 66 76 14 77 87 60 24 74 25 12 48 12  2 99 64 83 47 72 39 89 59 72 12 50 55 53  4 73 72 33 64 36 92 85  6 87 10 72 64 25 68 70 88 15 29 22  1 99 35 29 28 72 23 87  3 92 98 72 19 42 48 88 44 73 25 14  9 85 51 99 65 94 54 94 51 44  9 72 59 98 18 97 24 72 99 38 79 55 20 19 87 88 24 20 51 40 75 85 72 73 65 45  9 18 52 43 99 51 78 71 44 95 91 76 81 86 80 74 99 92  1 16 72 66 24 66 79 19 78 82 16 80 52 80 67 80 67 65 25 25 88 27 60 31 75  9 62 15 65  7 51 49 69 61 48 18 34 42  8 94 49 28 62 10 24 87 56 67  8 47 12 78 11 33 76 13 43 24 58 97 81 99 10 79  7 45 35 59 79  4 89 63 26 28 97 91 69 54 89 62 51 16 48 68 15 46 53 91 17 66 96 16 73 81  4 17 29 53 86 53 56 45 77 12 29  4 12 38 37  7  5 44 68 82 55 55 59  9 95 88 13 98 76 31 56 35 14 40 48 79  7 66 80 91  2  8 27 86 84 11 44 83 41 12 56 43 70 69 53 42 81 65 40 80 84 98 50 59 77 85 17 45  5  5  2 12 90 84 87 12 47  3 88 25 19 35 10 24 47 46 32  6  4 33 58 12 66 32 49 39 39 37 44 98 81 35 56 52 46  2 63 43 79  1 83 34 59 10  6 88  1 56 99 22 96 22 76 75 53 25  6  3  1 94 99 39 57 83 35 61 66 25 48 39  7 92 21 60  6 39 53 88 89 98 80 51 75 72 22 32 54 21 18 55  9 97 87 27 21 19 33 60  3 82 57 20  6 44 15  4  8 47 21 58 28  8 58 41 52 90 55  2 12 60 47  4 65 27  1  3 42 22 10 93 84 31 16 81 22 11 18 98 66 87 42 77 31 89 99 43 78 38 32 26  4 70 54 80 50 72 67 92 73 27 99 15 76 95 26 28  5 47 85 86 68 94 18 67  6 14 81 74 55 66 36 91 21  4 38 48 72 72 51 36 47 53 75 80 91 23 71 23 39 17 27 78 82 38 61 51 71  5 91 68 61  5 47 47 99 61 99 81 46 21 60  3 44 18 29 52 43 28 95 74 95 16 13  8 34  7 64 50 98 89 46 55 65 81 80 77  7 45 24 67 88 51  2 97 50 31 21 17 56 19  8 47 95  3 45 56 56  4 99 51 21 75 71 46 52 90 60 70 94 77 67 59 38 69 51 96 10 60 50 23 20 31 67 96 70 35 96  1 90 75 49 10 42 41 96 48 34 19 73 46 15 87 82 33 92 90 70 57 50  6 71 20 86 58  6 26 47 19 29 99  5 43 67 98  9 78 29 52 57 91 49 76 86 37 36 54 81  3 21 37 95 24 65 16 18 61 21 72 42 49 58 29 28 57 53 28 93 67 20 94 16 82  7 57 31 21 55 85 46 41 55 22 74 59 31 61 84 90 87 26 47 71 95 40  5 87 75  3 36 63 34 64 60 65 64 87 64  4 92 27 52  6 75 44 94 37 32 18 12 89 84 63 55 50 55 69  1 10 17 23  3 38 86 88  3  5 88 97 50 36 99 24 24 56 88  6 20 60 82 75 65 95 94  6 64 34 30 78 78 33 41 57 85 41  1 73 13 90 98 60  1 13 22 59 96 75 23 99 29 77 71 43 88 48 44 16 25 45 26 34 59 23 99 46 50 92 29 12 32 23 32 92 73 96 12 52 97  6 39 41 46 16 32 97  4 63 18 13 65 50 73 31 40 71 58 63 83 20 88 50 52 38 64 11 79 83 47 24 40 51  7 83 78 35 47
1000
99 25 39  2  8 52 63 97 48  4 61 65 39 26 13 75 18 29 80 73 74 89 54 83 65 58 52 72 50 20 21  6 62 58 23  3 75 41 41 52 41 83 73 26  9 93  9 71 36 66 22 63  8 88 47 14 95 38 23 89 61 48  1 87 10 21 90 96 46 59  1 33 79  9 88 33 42 65 27 41 62  8 14 47 88 78 19 32 88 98 72 50 58  9  2  1 54 25 21 68 21 75 12 44 19 22 28  3 97 88 27 33 20 30 94 73 13 62 47 39 17 76 74 75 38 85 23 53 86 93 55 56 22 99 42 37  9 76 13 58 48 31 85 52 84 16 44 10 51 74 85 44 60 43 29 96 69 36 76 71 88 45 53  5 49 79 63 17 48 88 24 31 35 53 20 39 32 62 73 93 56 67 88 94 14 36 79  2 39 51  7 56 44  4 59 14 96 13  6  9 66 75  5 89  4 37 52 34 48 35 62 14 65 79 86 11 83 24 98 88 71 58 97 82 71 70 37  5 56 65 82  4 45 70 75  7 54 31 77 37 10 66 46 61 77 39 21 50 62 84 52 60 63 42 62 38 73 46 17 70 69 12 52 46 93 89 59 50 72 43 92 50 16 26 38 35 84 38 28 80  8 12 32 27 15 25 13  7 90 78 39 54  4 69 71 25 45 98 32 96 91 51 34 20 99 90  2 87 15 73 91 66 93 43 42 79 66 56  9 86 69 84 74  6 53 51 52 92 90 36 98 88 25 79 65 70 85 28 77 44 18 35 47 79 66  3 84 35 24 63 94 64 58 14 62 66 52 28 35 73 69  2 80  7 26 71 93 29 23 54 28 57 42 62 37 24 68 80 80 65  5 14 17 11 88 39 19 41 43  9 71 41 73 39 33 72 15 30 99 28 77  9 53 32 87 64 36 71 70 26 86 10 65 32 15 31  7 21 66 73 30 11  1 38 17 78 57 94 50 81 31 21 80 20 43 87 40 84 21 26 83 68 74 62 34 31 17 56 78 12 30 45  3 58 45 92 14 47 73 22 58 67 98 79 58 62 64 88 59 48 11 82 49 50 66 35 63  8 77 68 40 92 51 54 51 85 11 78 21 61 65 47  3 79 22 74  4 20  1 17 58 43 40 31 41 92 62  6 47 35 47 78 44 86 79 12 21 49 81 54  4 89 88 17 14 31  3 57 31 49 47 13 74 92 25 52 32 88 21 38 74 34 80 33 25 82 76 33 96 52 45 61 49 85 65 92 58 57 31 39 73 25 19 57 75 54 55 45 63 99  9 87 64 31 52 69 72 50 89 50  3 73  6 91  2 98 19 24 69 61 12 41 66  2 47 10 87  9 52 62 93 96 36 82 99 11 49 17 31 60 51  5 36 17 10 25 56 51 14 65 33 76 49 57 74 66 73  1 55 83 92 64 49  4 41 91 76 34 36 25 97 88 35 64 24 59 84 28 83 85 30  8  7 85 35 96 87 76 32 90 15 65 84 94 43 89 63 45 45 53 13 47 39 35 53 32 99 19 69 20 85 99 39 39 96 59 88 18 95 14 42 59 17 40 88 62 99 43 63 74 46 24 54 60 27 17 96 58 24 25 71  7 94 37 21 59  1 41 14 61 97 34 63 66 44 18 22 46 59 23 37 97 57 70 25 27 75 99 16 71  4  2 17 80 17 63 82 78 74 57  6 64  4 96 92 66 84  8 81 22 74 78 84 97 37 73 76 96  7 69 62 96 64 71 13 83  4  2 95 93 77 67 76 75 70 10  2 65  1 55 73 93 85 29 49 80 70 14 40 41 12 57 47 75 24 45 17 48 74 54 79 60 43 54  7 52 33 69 23 36 61 40 51 46  6 52 35  7 13 18 78 59 46 25 81 16 15 49 12 87 54 92 60  1 20 35 55 63 71 93 79  1 57 28 44 14 64 88 74  5 37 80 42 89 13 70 16 14 15 38 84 61 79  9 96 50 52 23 67 62 57 49 55 47 80 92 24 75 70 88 97 61 81 74 92 79 84  4 71 96 12 44 25 12 18 60 87 25 18 21 49 72 58 89 18 10 93 95 38 42 29 58 34 95 91 49 16 96 23 67 73 66 90  5 13 64 40 73 19 16 11 36 39 55 96 74 75  3 73 17  2 92 91 51 15 13 81  9 13 83 14 94 66 56 52 37 31 82 31 16 26 19 80 50 39 58 95  3 87 11 11 60 34 90 42 59 25 20 69 76 74 45 26 20 36 67 47 82 59  7
20 51 72 90 16 15 67 80 64 33 18 25 20 98 69 57 17 48 32 44 34 55 37 86 56 46 22 32 44  1 20 48 76 76 56 30 83 78 43  8 51  2 29 43 88 11  9 16 83 97 86 18 64 46 27 84 28 40 14 77 29 43 73 53 25 95 23 97 24 51 97 43 83 41 21 12 32 40 36 95 22 80 92 41 21 90 75  7 65 96 68 79  7 54 69 36  6  7 10 52 79 13 34 34 28 98 18 32 98 49 95 25 91 49 33 29 66 58 22 66  8 41 87 34 59 76 78 69 66 40  5 21 94 45 98 95 52 51 99 23 78  5 20 47 81 52 90 31 42 49 95 33 18 66 20 34 10 62 37 56 10 69 19  5 51  5  3  7 34 13 75 19 61 48 14 53 54 79 12 36  5 74 97 53 15 50 35 31 14  8  5 49 54  5  1  9 60 31 59 18 33 44 98 43 89  3  1 40 77 18 62 54 96  1 28 53 22 84 15 32 84 81 22 53 55 50 32 94 11 82 68 33 31 59 42 27 70 65 30 66 43 38 34 74 85 17 31 48 12 75 13 60 40 78 71 87 53 32 84 64 59 23 20  5 27 34 85 75 79 34 18 47 68 95 34  3 34 55  4 19 90 80 33 65 69 70 68 11 58 15 67 88 68 26 44 95 11  3 88 98 34 11 79 38  6 71 43 84 48 13 95  8 66  4 81 93 37 76 19 15 85 73  5 40 15 27 69 46 75 54 75 88 35 65 96 66  4 12 26 97 39 48 75 71 62 20 38 94  1 36 29 94 10 39 30 75 21  2 45 33 26 46 82 57  1 52 39 53  5 13 39 26 83 81 96 74  6 67 89 19 68  1 82 69 79 36  9 27 65 92 70 16 16 74 39 21 57 86 63 66 82 12 85 17 78 50 42 12 71 80 89 13 70 29 60 73 51 64 64 46 19 51 60 76 78 89  5 40 19 87 41 82  9 10 52 19  6 87 42 84  5 61 92 35 55 97 35 26 73 74 42 54 47 32 55 46 96 72 38 25 40 81 75 69 74 13  4 83 92 44 76 20 74  5 91 58 20  9 91 51  4 15 70 41 64 17 49 30 52 24 16 71 39 52 43 87 26 98 60 68 67 33 66 11 35 84 40 86 72 31 57 77 65 33 72 73 23 64 61 23 28 57  8 74 12 75 21 99 76  4 39 91 36 35 49 26  5 65 92 72 93 27 24 83 45 74 59 47 70 20 23  9 84 73 70 78 89 84 47 99  3 37 62 99 26  1 14 50 56 75 99 39 49 11 82 50 19 32 78 63 55 27 19 58 92 46 11  1 18 25 57 65 39  7 36 83 71 30 49 42 11 17 46  9 26 95 82 26 34 90 60 35 63  6 45 19 20 98 80 80 69 43 70 19 52 83  4 84 59 47 50 79 67 48 38 31 76 69 65  2 11 17 86 12 44 38 93 88  3 84 20  9 61 51 17  7 16 73 62 84 13 52 22 11 18 73 15 10  6 73 35 31 90 48 87 56 40 16 94 92 70 51 41  1 27 58 61 96 52 24 46 74 39 58 51 56  2 20 43 53 81 86 18 28 31 39 50 21  8 96 62 40 18 19 62 16 84 33 37 82 89 44 98 88 17 14 76 53 49 41 12  1 63 28 39 12 19 84 45 83 68 22 87 73 68 52 83 46 59 61 74 30 79 53 86 32 46 24 21 48 64 65 10 86 63 62 95 52 43 14 83 79  9 44 61 29 82 17  8 48  6 40 62  5 28 51  4 77 28 31 30 20 97 12 17 67 25 28 48 39 86 59 83  3 45 11 29 49 36 59  1 32 80 39 78 45 99  6 36 59 29  5 66 45 40 25 65 91 48 51 19 53 74 96 56 88 26 70 72 33 54 50  9  1  9 26 82 38  8 70 94 13 61 99 12 21 43 90 25 50  9  2 79 85 50 59 18 65 98 16 33 33 23 58  4 54 26 46 40  7  7 26 32 27 37 10 30 99 27 68 47 41 33 29 67 32 82 30 17 15  6 69 58 88 49  1 94 31 77 66 35 33 66 29  6 55 57  7 16 99 28 89 46 26 73 30  1 46 33 81 79 69 51 93 82  2 93  5 53 17 20 74 25 75 18  9 25 15 74 53 47 22 40  1 32 12 40 23 98 56 38 35 83 25 18 48 47 55 59 52 13  5 75 45 44 19 25 60 74 57 69 15 91 44 78 51 66  7 20 11  5 72 50 40 32 10 14 66 40 75
52 32  2  3 81 59 83 33  3 75 86 26 25 42 99 26 54 30  9 14 55 89 36 22 95 60 74 45  2 85 78 23 98 95 16  3 97 93 12 46 55 97  1 85  1 63  3 71 65 49 44 99 31 40 11 88 89 30 21 69 49 97 15 55 30 91 38  2 94 51 60 41 80 93 85 36 13 22 63 28 95 72 21 87 92 38  4 88 80 61 95 72 44 37 84 76 25 15  5 67 35 78 67 68 81 46 34  5  6 50 27 36 34  7 69 35 84 80 11 36 33 54 96 63 66 20 74  2 19 52 25 79  5 21 66 62 54 70 15  6 31 73 47 96 97 13 27 35 25  8  1 57 50 48 79 61 97 91 32 91 81  6 20 98 32 45 54 90 60 66 24  5 28 50 99 10 73 94 57  9 92 53 93 80 36 78 61 29 89 31  5 79 51 50 35  8 91 27 94 16  3 71 61 30 98 55 70 36 83 16 45  5 51 89 35 95 91 74 54 25 77 79  4  5 28 47 77  6 61 97 86 59 79 49 20 87 88 81 25  1 36 65 14  5 96 93 86 64 54 58 91 77 52 11 21 24 40 89  9 40 77 36 94  3 23  4 21 45 76  2 76 49 24 86 19 32 24 11  8 15 72 88 99 12 75 30 45 19 73 23 71 14 57 45 28 89 35  2 18 91 40 30 12 27  4 31 35 58 26 45 66  1 19 99 81 74 56 14 40 91 51 80 71 29 88 71 83 62  8 42 81 88 51 62 20 20 20 80 50 25 19 51 39  4 46  7 13 19 54 81 42 59 98 98 99 97 10 87 45 78 36 16 48 80 47 11 88 28 15  4 49 62 89 23 22 39 68 75 66 93 72 99 84 32 44 45 95  2 60 37 27 95  2 16 37  3 28  3 88 70 63 65 82  6 68 26 55 95  1 75 53 67 63 31 66 88 14 40 64 98 97 47 99 22 74 60 37 61 31 95 42 49 30 81 41 31 28  2 50 59 17 96 78  2  7  9 45 33 57 67 22 91  8 81 45 24 75 27 64 85 20 46 69 46 18 29 23 83 18 10 19  2 64 49 27 16 31 49 60 59 63 92 11 57 72 73 90 18 42 40 91 76 69 84 25 54 55 83 85 15  9 69 22 27 90 22 55 13 90  4 98 92 28 79 27  7 33  5 87  3 75 40 41  5 53 66 91 71 73 39 16 15 70 13  9 92 49 33 16 22 86 35 75 27 84 94 19 27  1 62 50 98 84  8 55 29 32 13 97  4 13 33 63 59 78 38 79 94 95 32 94 66 45 45 67 57 92 23 26 56 81 29 54 97  7 99 24 47 38 36 80 42 39 57 90 61 43  2 46 19 61 84 66 71 42 19 58  3 13 63 45 17 38 59 87 33 25  4  1 66 73 37 43 63 62 94  9 16 62 83  3 56 47 38 74 85 82 26 33 12  8 40 57 19 60  3 60 81 73 22 65 25 85 17  3 72 87  3 15 54 99 87 92 90 52 41 23 47 24 29 89 73 44 99  3 88 81 89 79 55 26 69 76  7 75 42  1 93 65 57 13  9  3 50  6 49 53 57  3 63 62 57 96  5 35 16 83 79 95 76 59 21 72 12 83 33 75 14 25 90 53 45 39 64 21 41 60  9 14 23 14 35 54 87 71 47 47 79 21 15 40 52 20 52 96  2  5 27 47 18 77 54 11 77 81 39 73  2  2 99 32 20 35 99 97 89 95 35 79 92 60 94 45  7  7 68 26 54 89 58 72 57 54 87 78 87 76 43 29 67 10 37 35 70 83  3 72 76 66 73  5 66 16 65 81 54  7 18 72 49 31 80 53 75 90 84 89 52 33 58 17 23  8 42 94 45 25  7  7 12 65 87 63  2 61 18 58 24 85 50 73 34 62 26 95 56 98  7 99 63 17 12 61 46 75 31  3 29 75 14 24 43 82 89 38 83 54 68 17  1 97 31 12 73 18 91 18 18 75 25  7 61 54 67 44 74 91 53 67 50 44 42 18 68 47 14 73 63 30 73 88 41 66 60 17 14 63 12 36 89  4 97  7 98 16 98 93 88 45 18 54  6 74 98 88 48 12 49 64 42 20  7 32 32 88  2 72 57 92 82 64 64 30 85 54 58  5 87 91 83 91 67 72 25 32 10 28 46 55 68 25 47 11 85 50 25 36 42 98 75  8 97 18 53 22 11 30 22 27 18 18 77 93 26 79 47 84 66 55 92 22 54 91 13 70 61 74 17 70 57
0
