2
3
4 3
110
000
110
000
2 3
101
000
2 2
10
01
200
2 3
101
000
2 2
11
11
2 2
10
01
1 1
0
1 2
00
2 1
0
0
1 10
0000000000
10 1
0
0
0
0
0
0
0
0
0
0
10 10
0000000000
0000000000
0000000000
0000000000
0000000000
0000000000
0000000000
0000000000
0000000000
0000000000
1 1
1
1 2
10
1 2
11
2 1
1
0
2 1
1
1
2 2
11
11
2 2
10
00
2 2
00
11
1 10
1111111111
10 1
1
1
1
1
1
1
1
1
1
1
1 10
0000000010
10 1
0
0
0
1
0
0
0
0
0
0
10 10
0000000000
0000000000
0000000000
0000000000
0000000001
0000000000
0000000000
0000000000
0000000000
0000000000
10 10
0000000000
0000000000
0000000000
1111111111
0000000000
0000000000
0000000000
0000000000
0000000000
0000000000
10 10
0000001000
0000001000
0000001000
0000001000
0000001000
0000001000
0000001000
0000001000
0000001000
0000001000
10 10
0000000000
0000000000
0000000000
1111111111
0000000000
0000000000
0000000000
0000000000
0000000000
1111111111
10 10
1001000000
1001000000
1001000000
1001000000
1001000000
1001000000
1001000000
1001000000
1001000000
1001000000
10 10
1111111111
1111111111
1111111111
1111111111
1111111111
1111111111
1111111111
1111111111
1111111111
1111111111
2 2
11
01
3 3
001
011
011
10 2
11
11
11
11
11
01
11
11
11
11
2 10
1111111111
1111111110
10 10
1111111111
1111111111
1111111111
1101111111
1111111111
1111111111
1111111111
1111111111
1111111111
1111111111
10 10
0000000000
0000000000
0000000000
0000000000
0000000000
0000000000
0000000000
0100000000
0100001000
0000000000
2 2
10
11
2 3
011
111
10 10
0000000000
0000000000
0000100000
0000000000
0000000000
0000100000
0000010000
0000000000
0000000000
0000000000
10 10
0000000000
0000000000
0000000000
0010000000
0000000000
0000000000
0010000000
0000000000
0000000000
0000010000
10 10
0000000000
0000000000
0100000000
1000000000
0000000000
0100000000
0000000000
0000000000
0000000000
0000000000
10 10
1000000000
1001000000
0000000000
0000000000
1001000000
0000000000
0000000000
0000000000
0000000000
0000000000
10 10
0000000000
1000000000
0000000000
0000000000
0001000001
0000000000
0000000000
0000000000
0001000001
0000000000
10 10
0000000000
0000000000
0000000000
0000000000
0000000000
0100001100
0000000000
0100001000
0000000000
0000000000
10 10
1110111111
0000000001
1110111111
1110111111
1110111111
1110111111
1110111111
1110111111
1110111111
1110111111
10 10
1111111101
1111111111
1111111101
1111111101
0000000000
1111111101
1111111101
1111111101
1111111101
1111111101
10 10
1011111111
0000000100
1011111111
1011111111
1011111111
1011111111
1011111111
1011111111
1011111111
1011111111
6 9
000000000
000000000
000000000
000000000
000000000
000000000
4 5
00000
00000
00000
00000
6 5
00000
00000
00000
00000
00000
00000
3 6
000000
000000
000000
8 9
000000000
000000000
000000000
000000000
000000000
000000000
000000000
000000000
6 8
10100111
11111011
11010101
00100110
10111100
10011110
8 9
111001011
111011000
100101101
110110001
101110011
010011011
001000011
010111001
10 9
111111001
110011101
010110100
100000111
101011100
001110010
110010100
000000111
111110011
110111001
3 9
111011001
000000000
110110010
7 9
111110010
001000001
100010111
010000110
010101001
111011101
110110011
10 4
0101
0100
0110
1011
0000
0101
0101
0000
0010
1011
2 4
0010
0111
4 7
1111000
0100110
1011010
1111100
2 9
000011100
101011011
2 8
01000001
11001110
3 10
0100001101
0010000000
0111110110
8 2
01
00
10
11
10
01
11
01
7 10
1000000110
0110100010
0100101110
0011101000
0010101101
1101010111
1110000110
3 7
0000100
0100101
0100000
2 2
00
10
4 6
011101
111100
000011
011001
9 10
1100101111
0010101101
0111111011
0110010011
0101000010
1011110001
1001000111
0001010011
0001101010
3 8
10001111
01011110
00111000
5 9
011111111
001101010
101010011
001001110
000101011
6 10
0001100110
0101101111
1000010110
0100100001
0110001110
1010000111
4 6
011101
011011
011100
011001
4 7
1101010
0100100
1101010
0001010
3 8
11111001
11101011
00011010
4 3
010
001
110
100
7 9
001101011
110011000
110011100
101010110
000110101
010011101
011001000
7 5
11011
01110
01011
11000
00111
00010
11001
7 6
110111
011010
011101
100011
010010
100000
001111
9 2
01
11
00
10
11
11
01
11
11
2 4
1000
1100
9 4
0111
1110
1000
0111
1111
0000
1110
1110
1000
6 6
101011
101011
101011
000000
101011
000000
6 7
1101010
1101010
0000000
1101010
1101010
0000000
8 6
000000
000000
011111
011101
011101
000000
011101
011101
9 7
1001011
1001011
0000000
1001011
1001011
0000000
1001011
0000000
0000010
2 6
110111
100111
6 10
1011001110
0000000000
1011001110
1011001110
1000000000
1011001110
5 7
1011001
0000000
1011001
1011001
0000000
5 7
1110001
1110001
0000000
0000000
1110001
10 9
011010011
000000000
011010011
011010011
011010011
000000000
011010011
000000000
000000000
011010011
10 7
0000000
0101110
0101110
0101110
0101110
0000000
0000000
0101100
0101110
0000000
6 3
000
011
011
000
011
011
8 9
000000000
000000000
000000000
111000110
111100110
111000110
111000110
111000110
2 4
1110
1111
2 8
01011101
01011101
8 6
001111
001111
001111
001111
000000
001111
000000
000000
2 3
101
101
7 6
100011
100111
100111
000000
000000
000000
100111
7 3
000
000
011
011
000
011
011
9 9
000000000
011101010
011101010
000000000
000000000
000000000
011101010
011101010
011101110
3 10
1000000000
1100101101
1100101101
5 9
000000000
000000000
110010110
110010010
110010110
6 5
00000
11001
00000
11001
11001
11001
8 10
1101001111
1101001011
0000000000
0000000000
1101001011
0000000000
1101001011
1101001011
4 7
0000000
0101101
0101101
0101101
2 8
01001111
01001110
5 2
11
11
00
00
11
8 10
0011111001
0000000000
0000000000
0011111001
0011111001
0011111001
0000000000
0011111001
6 9
000000000
001110011
000000000
001110011
001110010
001110011
3 5
11100
00000
11100
8 6
011011
000000
000000
011011
011011
011011
011011
000000
2 6
110101
110101
8 7
1011100
0000000
1011100
0000000
0000000
1011100
1011100
1011100
3 4
1110
1110
0000
10 5
01101
01101
00000
00000
01101
00000
01101
00000
01101
01101
6 7
0000000
0110011
0110011
0110011
0000000
0110111
5 7
0000000
0100110
0100111
0000000
0100111
4 5
01001
00000
01011
01011
4 10
0011011011
0011011011
0011011011
0000000000
2 6
111001
111001
8 2
11
11
00
11
11
00
00
11
6 5
11100
11100
00000
11100
11100
00000
4 4
1101
1101
0000
1101
10 8
01110011
00000000
00000000
01110011
00000000
00000000
01110011
01110011
01110011
01110011
7 7
0000000
0001111
0001111
0000000
0001110
0001111
0000000
3 8
00000000
11100011
01100011
2 7
0010111
0010111
8 3
000
011
011
000
011
011
011
000
2 7
1001101
1001101
6 4
0111
0000
0111
0000
0011
0111
3 4
1110
1000
1110
2 2
11
11
5 7
0000000
0010000
0010000
0000000
0000000
5 4
1111
1111
1111
1011
1111
5 2
00
00
00
00
10
9 4
0000
0101
0101
0101
0101
0101
0101
0101
0010
2 4
0100
1111
6 7
0000000
0000000
0000000
0111111
0111111
0111111
5 9
111111101
111111101
000000000
000000000
000000000
6 4
0010
0000
0010
0000
0000
0000
9 5
11010
11010
11010
11110
11010
11010
11010
11010
11010
4 9
101101111
101101111
101101111
000000000
9 3
000
100
100
000
100
100
000
000
100
4 5
00000
00001
00100
00001
3 2
01
01
00
8 4
0000
0000
0000
1110
0000
0000
0000
1110
3 3
100
100
100
10 7
0000000
0000000
0110010
0110010
0110010
0110010
0110010
0110010
0110000
0000000
10 9
010011011
010011011
010011011
000000000
010011011
010011011
000000000
010011011
000000000
010011011
10 7
1111111
1111111
0000000
1111111
1111111
0000000
1111111
0000000
1111111
0111111
10 8
11011100
11011100
00000000
00000000
11011100
11011100
11011100
11011100
11011100
11011100
3 3
011
011
011
9 7
1000000
0000000
1000000
1000000
0000000
0000000
1000000
1000000
0000000
9 10
0011111010
0011111010
0011111010
0011111010
0000000000
0011111010
0000000000
0000000000
0100000000
5 3
111
111
100
111
111
9 10
0000000000
0000000101
0000000000
0000000000
0000000000
0001000000
0000000000
0000000101
0000000000
8 3
000
111
111
111
111
001
000
111
2 10
0000000000
0000000000
8 9
001110000
001110000
001110000
001110000
001110000
001110000
001100000
000000000
2 3
001
111
5 7
1111000
1111000
0000000
0000000
0000000
4 3
100
100
000
110
7 7
0000100
0000100
0000100
0000100
0000100
0000000
0000000
5 4
1111
0000
0000
1111
0000
7 10
0110010010
0000000000
0110010010
0000000000
0000000000
0000000000
0000000000
10 9
111110111
111110111
000000000
111110111
111110111
111110111
111110111
111110111
111110111
111110111
10 10
0010000000
0010000000
0010000000
0010000000
0010000000
0010000000
0010000000
0010000000
0010000000
0010000000
4 8
00000000
11101000
11101000
11101000
3 2
01
00
00
6 3
000
000
000
000
000
000
8 5
11111
11111
11111
11111
11111
11111
11111
00000
7 10
1111111101
1111111101
1111111101
1111111101
1111111101
1111111101
1111111101
9 4
0001
0001
0000
0000
0000
0001
0001
0000
0001
4 2
11
11
11
10
8 7
0000000
1111111
1111111
0000000
1111111
0000000
1111111
1111111
4 6
111111
111111
111111
000010
5 3
001
000
001
001
001
7 3
000
000
000
010
010
010
000
10 5
00000
01110
01110
00000
01110
01110
11110
01110
01110
00000
3 3
011
011
001
2 7
0000000
1110111
7 4
0000
0000
0000
0001
0000
0000
1111
9 8
10011001
00000000
10011001
00000000
00000000
00000000
00000000
00000000
00000000
3 9
110000000
000000000
110000000
2 2
11
11
6 5
00000
00000
00000
10000
00011
00000
9 9
011111110
011111110
011111110
011111110
011111110
000000000
011111110
011111110
111111110
6 5
00001
00000
00000
00000
00000
00001
8 6
000000
000000
101111
000000
111111
000000
000000
000000
6 8
11011000
11011000
00000000
11011000
00000000
11011000
7 4
0000
1010
1010
0000
0000
0000
1010
9 5
11110
00000
11110
00000
00000
00000
11110
10110
11110
6 3
000
100
000
000
000
100
5 2
00
00
00
00
10
9 3
011
011
000
011
011
011
011
001
011
8 3
011
011
000
000
000
011
000
111
8 3
000
111
111
111
111
111
111
111
5 5
00000
00000
00100
00000
00000
2 5
00000
11111
2 8
11111111
11111111
2 2
10
10
9 5
01010
00000
01010
01010
00000
01010
01010
00000
01010
