2
4
3
10
21
10
3
20
10
10
3
10
10
10
4
15
15
15
45
405
2
27446
26636
2
1905
11548
2
34053
8573
2
20781
8230
2
14330
34296
2
37750
39263
2
29288
28535
2
23170
1984
2
30749
33162
2
32714
3178
2
1341
24443
2
49534
38241
2
4556
18319
2
25113
15779
2
41180
384
2
40845
40845
2
45302
45302
2
6205
6205
2
12041
12041
2
5315
5315
2
34245
34245
2
26875
26875
2
14928
14928
2
38912
38912
2
39958
39958
2
808
86
2
342
41
2
82
785
2
89
40
2
159
42
2
91
90
2
24
25
2
14
13
2
8
7
2
57
56
2
15
15
2
54
54
2
31
31
2
71
71
2
61
61
2
43
43
2
49
49
2
79
79
2
54
54
2
57
57
3
45776
38360
48128
3
18250
15249
24769
3
22453
7225
25987
3
46900
28566
49741
3
31408
3575
20810
3
41513
38517
40744
3
12721
32557
18523
3
7108
8869
44693
3
34420
28198
3397
3
28783
46453
7138
3
1321
48283
21404
3
26461
16701
33445
3
49555
2568
9594
3
28354
35000
23278
3
25951
38427
25920
3
6382
30598
30598
3
8564
37284
37284
3
38313
38313
36992
3
36816
39705
39705
3
2122
3983
3983
3
24990
25767
25767
3
31616
35096
35096
3
19966
19966
10436
3
48191
20316
48191
3
27502
20340
27502
3
975
64
99
3
31
900
89
3
47
131
48
3
49
4
173
3
1110
68
47
3
99
0
98
3
35
22
58
3
62
44
107
3
176
75
100
3
100
116
15
3
62
128
66
3
93
165
72
3
1
53
54
3
15
74
89
3
33
11
44
3
24
1
23
3
56
88
98
3
39
49
29
3
77
87
53
3
6
7
1
4
35999
18220
15075
2573
4
43038
27675
11164
28053
4
13597
20323
13266
2227
4
13240
14473
40406
28646
4
43779
28841
16766
25266
4
24728
37504
6775
8278
4
12924
48929
35880
21277
4
35511
22105
1707
26999
4
4809
21367
43674
2455
4
49649
22843
13292
36814
4
15886
32387
17188
20827
4
29905
48165
40140
19702
4
15935
1788
44763
9048
4
2092
46004
19551
23408
4
4629
37239
4235
17806
4
21892
38761
47712
47712
4
12837
28070
49879
49879
4
19206
19206
3033
4139
4
9464
8912
22106
22106
4
4624
44798
41495
44798
4
47270
47270
38066
32073
4
9355
27190
35322
35322
4
32764
12079
19316
32764
4
40334
22505
1996
40334
4
18910
15089
39401
39401
4
11
7
251
3
4
887
63
33
54
4
47
26
1108
74
4
90
687
53
34
4
563
92
94
39
4
80
33
88
202
4
54
213
77
81
4
184
88
87
8
4
91
9
43
38
4
17
166
81
67
4
0
67
150
83
4
165
57
66
42
4
85
88
86
259
4
189
74
88
27
4
22
49
60
131
4
107
97
87
19
4
52
59
51
69
4
44
60
92
102
4
67
92
51
82
4
104
41
31
94
5
46402
12807
29854
42649
38020
5
28503
25647
26171
39135
20312
5
26105
31254
16444
13488
38137
5
44873
9418
22229
36658
42414
5
29347
10498
35296
43913
20691
5
42566
35280
25312
6956
43469
5
8617
7001
49577
26944
39421
5
22282
32858
23995
21473
24700
5
21482
26027
13807
44954
20501
5
39234
44900
18059
49690
19749
5
7444
4993
6736
43895
24050
5
48666
15653
24024
13548
38169
5
38290
17354
47731
45783
6052
5
13386
11085
45933
28485
30697
5
14164
43599
6250
40336
3982
5
14880
14159
14880
5959
10469
5
6287
26357
28089
14295
28089
5
35998
22922
38451
38451
4202
5
5569
5569
4965
4238
3656
5
34840
35876
35876
34390
31599
5
17220
5815
13511
13239
17220
5
15370
30287
29166
36257
36257
5
9667
907
12691
8640
12691
5
8283
11260
12794
12794
12742
5
3306
6572
9989
11931
11931
5
52
84
282
26
25
5
96
14
1143
88
4
5
12
12
561
88
73
5
58
1025
13
88
67
5
19
23
990
91
20
5
46
84
234
12
91
5
18
49
98
10
20
5
181
7
48
42
83
5
220
13
33
86
87
5
63
77
3
176
32
5
64
10
14
35
5
5
197
10
81
79
27
5
92
247
81
20
54
5
213
80
53
61
19
5
99
207
55
35
18
5
8
94
84
9
22
5
35
6
104
50
94
5
42
38
70
20
80
5
59
63
25
2
73
5
31
10
6
41
9
6
47910
10192
29457
12645
21087
44755
6
30067
13305
5832
4849
32867
30603
6
25498
26099
25284
31639
41866
19485
6
23201
30139
33421
40505
1148
44066
6
4019
35676
40030
10857
16681
41692
6
45537
22745
7215
8036
5158
28374
6
24302
36238
37968
14516
10178
43331
6
1808
30714
40950
26130
5174
46239
6
16909
20655
28586
26069
24445
35309
6
23778
27605
49803
10709
22012
41530
6
26778
40557
17948
34216
1411
11859
6
6173
39945
29640
36941
1915
22599
6
12080
17113
263
15803
45519
16055
6
31950
16737
42966
15110
47304
15328
6
3910
14014
26807
31646
14232
32534
6
116
402
23606
2692
25803
25803
6
49310
34035
49310
31385
25857
14518
6
9583
17207
28551
28551
17479
14917
6
28719
28719
21062
1020
1891
26566
6
5664
4676
7990
7990
2785
3731
6
21323
17031
13798
12318
26765
26765
6
4503
4423
6871
5944
17486
17486
6
13138
47755
35963
32799
7450
47755
6
777
3699
4821
4362
5402
5402
6
14747
11833
12348
2164
14747
516
6
10
11
48
1005
84
42
6
5
909
11
93
31
17
6
284
81
4
60
6
9
6
51
55
2
98
5
389
6
9
33
14
497
88
89
6
54
77
257
1
41
83
6
77
78
13
95
38
302
6
20
283
93
32
70
67
6
58
58
38
302
72
75
6
87
15
10
77
223
33
6
15
224
80
54
4
71
6
4
68
281
58
99
52
6
55
52
239
27
79
26
6
44
75
97
320
13
91
6
78
236
8
12
85
53
6
99
10
10
9
61
109
6
109
12
76
68
99
61
6
79
89
39
42
79
51
6
34
38
16
40
63
53
6
13
97
86
87
10
13
7
46918
24178
46422
38934
42371
5326
3679
7
22477
9680
37090
1602
21368
12752
8698
7
26522
47203
16625
4570
48900
34851
22002
7
18434
12094
5425
25913
47865
42036
28435
7
39174
25301
23595
40668
45985
3587
32440
7
8803
47573
38434
35119
31279
35525
314
7
25225
48150
29872
34519
46484
31124
33814
7
44671
16914
12241
29821
34011
8816
13990
7
10812
10170
12321
25004
25423
17066
18959
7
37875
42886
10981
38469
36854
43043
4085
7
40898
3934
6565
33416
5594
8224
5244
7
21143
34087
36129
9703
9708
1195
31901
7
43656
3170
15707
21959
7057
47995
35226
7
18036
23097
18690
12748
48621
46423
6287
7
7685
46788
41550
3911
18832
1469
32283
7
9334
824
7133
9334
4684
8909
5529
7
3967
2879
6639
2442
8021
7282
8021
7
21737
3644
26636
16487
1853
22514
26636
7
8177
2240
2224
4887
1612
9030
9030
7
17
10272
1533
19847
19882
8853
19882
7
5774
848
4980
5774
2944
3045
1970
7
994
1801
4123
967
4074
4413
4413
7
9786
17805
10324
12134
9362
17805
11817
7
20991
45563
45563
16429
12232
3058
12982
7
10283
25339
42607
21434
13140
42607
23450
7
98
87
1230
71
45
7
24
7
30
49
89
690
85
38
19
7
26
5
574
34
20
69
54
7
2
55
76
51
80
894
78
7
455
98
16
28
96
21
11
7
83
62
9
45
84
12
296
7
53
401
65
48
82
55
97
7
21
5
73
179
14
7
58
7
45
56
8
226
86
17
13
7
7
96
12
336
83
87
50
7
88
316
18
79
37
33
61
7
11
163
69
30
31
14
8
7
8
1
66
71
59
94
299
7
33
33
225
3
56
45
55
7
15
28
24
56
48
44
215
7
12
29
90
10
15
13
80
7
6
67
54
68
96
17
86
7
68
93
27
57
71
2
83
7
94
81
96
99
77
26
109
7
106
68
78
18
83
31
96
8
35076
5127
10966
36168
562
42029
16322
10358
8
29061
10455
49993
5640
39461
45371
37790
21838
8
21173
45590
2695
40042
12393
19956
33222
3354
8
5322
31431
44540
14709
4262
14127
21535
25082
8
36951
19681
23203
5547
14273
25403
35870
46264
8
44070
13670
40390
12674
433
12011
4818
10192
8
43844
18562
350
31292
16079
25977
37950
11858
8
33450
26553
17367
19215
38880
35550
20389
17351
8
47114
31715
16412
16590
15616
38343
19782
7084
8
48625
14029
25740
40920
27155
21415
49999
6693
8
22496
32390
13631
29216
17447
23913
34204
45410
8
33392
2905
7564
20162
41770
14697
1011
27769
8
1317
31156
21795
49613
24520
38850
36614
895
8
36917
3081
24031
25960
41728
48654
928
40115
8
367
17284
33087
31222
26936
45525
11932
35624
8
1338
6950
7092
6799
6308
9817
4681
9817
8
12524
10463
7735
24549
24549
3637
14323
2969
8
10588
11315
11160
3894
11315
6928
2886
4628
8
1842
405
1479
1834
1467
1568
1842
1596
8
4305
3016
4766
1472
5357
1893
915
5357
8
26274
28072
24041
21062
12364
27309
7792
28072
8
3147
26487
11842
13095
26487
17190
16751
3081
8
22034
9247
5245
7907
24070
25185
25185
2426
8
3161
5517
9365
5361
15143
13893
11819
15143
8
1273
45
1505
890
1336
1505
397
1459
8
11
5
721
11
66
66
22
89
8
100
19
77
1132
66
98
52
53
8
838
82
68
92
47
0
52
51
8
30
86
34
83
1166
88
66
100
8
75
558
84
10
52
96
16
25
8
17
88
23
46
3
299
48
73
8
332
3
15
80
10
92
46
85
8
84
287
28
42
26
54
43
9
8
360
38
63
100
28
80
1
49
8
64
62
72
4
36
85
367
43
8
30
82
0
16
59
288
14
87
8
362
68
62
26
88
29
3
86
8
1
265
15
27
65
70
26
61
8
69
349
32
44
22
78
76
28
8
27
14
72
59
376
38
98
68
8
85
26
74
34
24
10
94
104
8
94
3
56
35
84
16
59
30
8
81
47
28
28
71
8
53
25
8
62
75
48
33
3
28
26
65
8
74
30
33
58
4
64
12
59
9
19253
27577
23980
11765
20777
28932
40577
2269
29950
9
8422
30072
10722
46143
976
38654
44237
26178
4550
9
8074
37792
44750
34895
4609
5091
12852
43515
38366
9
41795
25652
25306
45413
34027
32664
10658
17718
15881
9
47789
22621
30658
47169
3988
22711
45628
45665
15219
9
25373
31692
22760
9191
15779
35210
13359
15086
41462
9
24671
23224
17436
32136
38820
30375
43492
1157
42611
9
41238
24691
19533
33024
12037
48508
47863
18527
28381
9
27467
27900
643
2960
38071
47638
29826
21752
22382
9
17476
14509
37030
2811
39844
43821
25107
14281
10490
9
43862
21928
24672
42572
35425
26272
44879
7624
21548
9
47802
30134
45919
32265
5844
6266
49922
12493
7698
9
13890
43216
7768
559
37997
49164
24555
27348
15363
9
38614
16667
9285
34880
8240
31021
48453
35485
22030
9
48933
41713
5280
36100
9213
36541
20886
18749
8313
9
10346
2745
5901
4660
1762
7672
10346
2759
8132
9
21013
44013
37643
6767
40888
24018
20333
47991
47991
9
15230
23498
20828
14561
35807
38186
34370
13386
38186
9
1592
1873
1349
1161
752
1590
600
536
1873
9
7153
10124
8570
8465
4694
6933
10124
3520
8145
9
39756
41469
34269
41469
40619
33827
39348
25258
39129
9
41279
30173
5072
6124
26198
29148
41279
1108
20255
9
6511
3381
3593
2140
5355
6176
7231
698
7231
9
1176
1941
5060
982
12183
23522
44021
28017
44021
9
22340
22524
5633
43984
30917
2188
16933
20525
43984
9
728
49
71
99
34
87
41
13
27
9
9
49
19
7
38
6
83
42
298
9
93
95
76
48
94
23
1358
93
98
9
1187
77
97
86
11
100
26
31
93
9
90
38
96
13
14
74
460
7
67
9
25
73
23
62
6
379
35
91
63
9
40
99
10
2
9
8
326
85
72
9
5
92
31
38
264
6
68
13
10
9
0
80
52
20
45
370
99
46
27
9
36
66
67
8
17
25
13
280
47
9
75
0
85
45
34
60
467
88
80
9
8
273
47
3
34
77
68
23
13
9
30
28
36
23
26
36
3
199
17
9
93
92
32
39
47
559
81
75
100
9
100
73
78
416
8
68
52
29
8
9
96
47
16
94
66
88
92
106
37
9
73
49
68
34
24
83
30
56
58
9
31
40
34
40
76
88
18
33
98
9
26
45
93
49
81
59
99
53
109
9
51
51
100
48
20
88
90
61
12
10
5427
46688
8346
8583
42278
43167
41514
1176
3116
4329
10
49146
19530
23592
3535
8372
46357
43957
18007
34765
32900
10
27527
25516
38346
5533
28277
41517
764
33119
7431
29314
10
9384
9945
30576
29162
2348
4880
6345
32870
20881
28148
10
11109
45256
41588
4370
32250
16523
45127
33675
14771
1537
10
15671
27657
23308
15589
47606
35012
21167
45770
43438
48642
10
46881
56
33968
36910
28950
49212
34406
2512
13969
15910
10
31923
14696
34745
46208
38997
45655
45008
25788
49342
20366
10
20929
31915
35375
24064
37204
23014
29738
46257
17606
40590
10
28450
45720
1112
27155
27330
22835
30976
43199
24506
13932
10
37889
37344
20101
21829
15455
34257
38062
38894
29139
15661
10
2959
19685
32489
24023
37930
18950
27608
44945
14094
15730
10
12558
1565
36195
18942
41960
49116
23749
26981
7607
46208
10
47146
15953
6829
18170
19866
22566
8487
33745
36722
19777
10
27917
41282
13953
46196
37207
17401
46304
11841
1829
29977
10
747
5563
4237
541
103
1463
25
5563
2402
3619
10
2498
1329
4349
4443
11089
11152
263
11152
6584
10831
10
2400
22920
33916
31947
6161
2806
29148
7598
33916
12389
10
5771
37499
34082
11418
25352
26347
37499
24191
17480
32058
10
11665
11350
22361
12785
13392
11739
10848
15117
27199
27199
10
7071
3106
6634
7173
3593
249
895
2272
7498
7498
10
8956
9772
7622
8359
11038
13195
6938
13195
5747
7712
10
9568
12542
2194
10858
13664
7568
13664
4998
10399
8219
10
40904
22327
37515
16674
17009
40904
40619
860
16695
652
10
5078
3372
963
3538
6740
803
5896
6740
5188
3216
10
1324
93
84
95
92
18
49
48
23
100
10
56
5
63
66
28
15
584
42
64
42
10
41
17
45
1028
61
93
31
59
10
53
10
76
35
79
27
828
27
59
55
51
63
10
69
68
31
70
73
33
12
20
93
1420
10
21
13
289
96
21
43
22
29
1
42
10
90
6
5
20
34
81
57
471
81
96
10
86
82
42
98
88
82
86
66
60
691
10
91
85
59
11
24
441
74
95
0
1
10
63
86
56
508
17
86
21
95
19
64
10
0
318
1
64
22
15
97
3
42
74
10
3
18
84
352
12
82
1
73
54
25
10
98
19
35
8
95
61
93
475
8
58
10
56
13
2
28
361
27
13
100
51
71
10
25
51
9
18
412
58
99
56
73
23
10
67
96
59
91
96
11
78
106
81
58
10
61
60
8
30
69
5
47
100
28
110
10
49
89
49
29
55
109
77
73
66
99
10
1
92
31
15
66
102
10
91
31
46
10
73
31
61
35
37
76
24
95
105
11
