53
4 3
5 1 1 2
5 2 2
4 3
5 1 1 2
5 2 2
9 4
9 3 7 10 8 10 10 4 3
4 9 9 7
5 2
4 3 4 5 9
0 6
7 1
9 7 9 9 2 2 8
6
6 9
8 2 3 6 10 2
0 2 4 8 8 10 4 1 6
4 3
1 3 3 1
0 8 3
4 9
7 4 7 10
2 10 7 8 4 2 6 9 3
4 9
6 2 1 2
0 8 10 9 2 8 5 6 2
6 1
8 1 5 10 1 8
3
2 3
9 9
1 9 7
6 1
8 1 2 2 2 1
1
1 3
4
0 4 2
2 3
10 5
2 3 9
5 2
7 3 7 1 8
1 6
9 2
6 10 1 3 1 2 4 2 2
5 1
8 5
3 5 8 7 3 1 1 8
1 5 9 7 10
4 5
7 7 1 7
5 5 5 5 7
7 6
10 4 2 9 2 3 8
4 7 1 8 4 3
5 8
9 3 7 2 9
9 5 4 7 3 4 8 5
7 6
6 9 1 10 4 10 1
3 6 5 6 2 1
3 2
7 9 1
3 8
3 5
9 3 2
9 4 8 10 6
7 2
5 3 4 4 3 9 9
1 9
3 2
6 3 3
1 3
7 6
7 2 3 10 4 2 5
4 7 7 1 7 8
2 5
2 8
1 6 1 3 10
6 3
8 6 9 7 10 6
7 8 2
8 1
10 7 9 8 3 7 8 3
1
3 5
8 2 1
7 6 2 6 3
4 6
3 6 9 3
1 4 9 10 3 4
3 9
5 1 8
1 2 10 6 7 4 4 7 1
6 3
10 1 10 4 8 1
7 9 5
1 7
3
1 4 5 3 5 6 8
8 3
4 1 10 4 9 2 3 10
2 5 7
9 2
5 6 8 9 5 8 1 1 6
0 1
3 9
10 2 5
4 6 6 3 4 8 7 1 8
6 6
6 10 1 10 7 3
2 10 6 9 7 8
6 7
10 10 6 3 7 2
5 9 7 9 6 4 3
2 3
5 9
3 3 9
4 6
9 2 3 7
5 1 3 1 9 10
4 9
9 5 6 2
3 7 10 10 6 6 1 10 6
6 1
4 8 10 6 7 8
3
3 4
1 3 1
1 6 9 5
9 1
10 7 4 5 9 8 8 9 9
7
2 8
6 6
0 9 10 7 6 5 3 2
2 2
9 5
5 5
4 8
7 3 4 8
7 5 8 5 3 10 2 8
1 6
5
1 3 6 6 6 6
4 8
7 1 10 9
0 8 1 3 6 1 3 3
5 3
8 8 8 8 10
5 10 6
6 8
10 1 5 9 2 2
2 10 5 4 3 4 2 10
1 4
4
3 10 8 9
