4 2
9 10
1 1000000000000000000
5 4
20 39
7 68
10 22
1 51
11 59
19 60
17 83
23 34
18 74
3 96
17 62
2 83
21 81
24 79
22 53
7 80
23 85
1 67
24 14
8 61
1 31
25 16
4 31
14 28
1 22
18 18
29 71
17 73
22 1
10 13
8 48
14 5
16 28
3 57
8 61
20 61
26 77
1 13
12 67
29 81
10 56
8 29
15 61
5 3
11 5
8 97
27 57
21 95
22 10
25 41
23 38906959784602210
15 66666666666666666
10 58832922761775782
15 66666666666666666
10 50072179472151558
13 74206961886988360
8 10627601833398301
27 21323072273092977
30 31841935780183564
8 19611193980984626
18 19686583422129069
10 16988767747978147
1 191018175481536516
11 1343964498919264
2 500000000000000000
15 66666666666666666
4 19169112348607285
26 38461538461538461
8 93126238515087669
14 71428571428571428
12 22769181896259071
4 208551397692715972
26 14182460970796262
23 26735463997189875
9 30635350587649255
8 96797614635948414
14 15995743335632997
7 13707644592948547
27 19308892525828676
1 345107005563205850
13 69701163487690106
28 18493719589801447
30 33333333333333333
26 34667932003584531
21 25936565345202505
16 3366053806665715
21 15012231443211154
2 267506692030109719
6 49344804646065421
28 35714285714285714
25 7434700862203932
1 125177947686307061
27 17466075757853614
20 34790321429013216
7 96741567238213948
20 50000000000000000
27 34353801193873872
6 157913224856979539
15 37369063309786809
3 71572500955254617
0 0
