62
4
30 50
20 0
100 0
100 40
20 40
9
30 70
110 70
100 80
80 80
-10 60
-40 30
-40 25
20 0
100 0
120 10
4
30 50
20 0
100 0
100 40
20 40
9
30 70
110 70
100 80
80 80
-10 60
-40 30
-40 25
20 0
100 0
120 10
9
1000 1
2 0
4 0
8 5
6 7
4 7
2 6
1 5
0 3
0 2
9
1000 10
2 0
4 0
8 5
6 7
4 7
2 6
1 5
0 3
0 2
9
1000 15
2 0
4 0
8 5
6 7
4 7
2 6
1 5
0 3
0 2
9
1000 28
2 0
4 0
8 5
6 7
4 7
2 6
1 5
0 3
0 2
9
1000 32
2 0
4 0
8 5
6 7
4 7
2 6
1 5
0 3
0 2
9
1000 35
2 0
4 0
8 5
6 7
4 7
2 6
1 5
0 3
0 2
9
1000 73
2 0
4 0
8 10
6 14
4 14
2 12
1 10
0 6
0 4
9
1000 0
2 0
4 0
8 5
6 7
4 7
2 6
1 5
0 3
0 2
9
1000 1
0 2
0 3
-1 5
-2 6
-4 7
-6 7
-8 5
-4 0
-2 0
9
1000 10
0 2
0 3
-1 5
-2 6
-4 7
-6 7
-8 5
-4 0
-2 0
9
1000 15
0 2
0 3
-1 5
-2 6
-4 7
-6 7
-8 5
-4 0
-2 0
9
1000 28
0 2
0 3
-1 5
-2 6
-4 7
-6 7
-8 5
-4 0
-2 0
9
1000 32
0 2
0 3
-1 5
-2 6
-4 7
-6 7
-8 5
-4 0
-2 0
9
1000 35
0 2
0 3
-1 5
-2 6
-4 7
-6 7
-8 5
-4 0
-2 0
9
1000 0
0 2
0 3
-1 5
-2 6
-4 7
-6 7
-8 5
-4 0
-2 0
9
1000 73
0 4
0 6
-1 10
-2 12
-4 14
-6 14
-8 10
-4 0
-2 0
4
1000 1
-1000 0
1000 0
1000 1000
-1000 1000
4
1 2000
-1000 0
1000 0
1000 1000
-1000 1000
4
890 18
-18 0
-13 0
-21 9
-28 9
65
672 1095
115 56
128 67
141 79
160 100
167 108
177 126
188 148
190 163
186 185
183 198
177 219
172 235
167 250
158 269
155 275
150 282
136 299
116 323
109 329
103 333
87 342
68 352
47 362
35 367
10 370
-9 372
-30 374
-37 374
-58 371
-69 369
-88 365
-99 359
-123 345
-142 330
-156 318
-180 297
-195 283
-199 279
-208 269
-217 256
-230 237
-241 220
-254 197
-260 174
-259 159
-258 148
-251 126
-236 102
-219 80
-203 67
-178 51
-158 41
-143 34
-136 31
-117 24
-12 2
8 0
10 0
30 4
34 5
36 6
53 15
78 29
87 35
98 43
89
174 1108
30 657
25 657
0 654
-12 652
-35 646
-58 638
-72 632
-95 622
-116 611
-136 600
-151 590
-176 571
-200 550
-211 540
-231 519
-250 499
-254 494
-267 477
-278 462
-288 448
-298 433
-303 424
-314 404
-317 398
-323 383
-326 369
-330 346
-332 321
-333 307
-333 299
-332 292
-329 279
-325 262
-320 242
-312 224
-300 200
-292 186
-279 167
-261 144
-242 122
-229 108
-206 86
-196 77
-176 63
-156 50
-139 39
-118 28
-103 21
-80 12
-69 9
-44 4
-20 0
-19 0
-2 3
22 11
44 19
58 29
78 44
99 64
117 82
131 97
147 115
167 139
184 161
196 177
203 189
215 212
289 379
294 393
296 400
295 420
294 428
289 445
283 464
269 487
259 503
245 523
230 542
210 567
201 577
186 593
173 606
166 610
141 623
119 632
96 640
81 645
56 652
52 653
25
242 165
-94 63
-94 52
-92 47
-84 39
-70 26
-61 20
-39 8
-27 3
-13 0
-10 0
15 10
24 18
34 30
46 50
36 69
22 90
-1 112
-22 125
-35 130
-44 132
-45 132
-60 128
-75 113
-83 98
-91 79
72
945 171
-34 2
-18 0
-12 0
11 4
28 7
52 14
61 19
82 33
107 53
129 74
151 96
162 115
170 132
179 154
187 175
189 189
191 210
190 233
189 245
187 266
185 273
180 288
169 312
160 328
153 340
137 360
115 385
99 403
83 420
75 428
57 443
47 450
45 451
31 457
7 466
-15 472
-19 472
-42 470
-56 468
-69 466
-75 465
-90 462
-107 457
-119 453
-133 448
-152 440
-174 428
-192 415
-212 398
-219 390
-232 375
-237 369
-245 356
-256 336
-266 317
-277 292
-284 271
-283 258
-280 240
-275 220
-267 203
-257 182
-249 166
-239 150
-231 138
-213 116
-191 95
-171 77
-146 55
-132 44
-112 29
-43 5
35
116 199
-69 295
-94 319
-110 326
-129 332
-137 332
-160 321
-183 298
-205 275
-211 268
-229 243
-237 222
-240 202
-236 190
-229 170
-222 152
-208 130
-199 116
-188 101
-169 77
-150 61
-138 51
-113 36
-88 24
-67 14
-50 7
-28 2
-17 0
-12 0
13 21
17 29
19 43
20 55
20 75
-45 251
-56 273
81
352 1840
84 610
63 618
42 622
35 623
28 623
7 622
-17 620
-25 616
-37 609
-59 594
-75 582
-98 563
-226 428
-241 412
-254 397
-258 392
-269 371
-281 346
-290 324
-292 318
-293 308
-292 284
-288 260
-284 239
-283 236
-280 229
-271 212
-257 187
-246 168
-233 148
-216 123
-196 103
-171 80
-153 65
-144 58
-123 42
-107 30
-95 22
-71 7
-51 4
-28 1
-7 0
-4 0
21 1
46 5
68 9
91 16
111 27
122 34
135 44
150 56
161 66
183 89
204 111
214 123
229 142
241 158
251 179
258 194
266 213
272 228
277 242
282 258
289 283
293 298
296 320
298 343
299 355
296 375
286 395
277 411
264 433
248 458
231 481
218 497
196 521
182 536
161 558
148 569
132 582
109 596
87
40 1962
317 564
300 588
279 610
262 627
243 643
224 656
205 667
185 677
172 683
151 692
127 702
117 706
106 708
98 709
95 709
70 702
54 696
44 692
31 685
22 680
15 676
-4 665
-11 660
-26 649
-49 632
-73 613
-98 592
-113 579
-130 555
-141 534
-252 305
-262 282
-263 265
-262 248
-260 223
-256 205
-252 191
-245 170
-233 145
-218 122
-199 97
-183 77
-158 55
-145 45
-121 30
-112 26
-89 18
-73 13
-53 7
-32 2
-17 0
-11 0
2 1
25 7
45 14
63 23
82 35
98 46
111 55
135 72
158 90
175 104
182 110
204 132
224 154
241 176
247 184
258 200
264 209
273 223
289 248
303 270
314 288
322 302
333 325
337 334
347 359
354 381
361 406
364 421
364 430
363 436
359 458
353 483
348 500
339 524
329 544
26
324 1347
17 3
42 11
66 32
82 47
102 68
107 75
102 99
98 109
74 133
57 147
40 160
29 168
17 176
2 181
1 181
-8 174
-25 160
-48 140
-70 120
-78 110
-90 94
-99 71
-99 65
-92 55
-1 0
2 0
39
916 375
71 40
105 69
115 78
134 101
147 121
133 146
120 164
110 175
91 194
69 215
52 226
41 233
36 236
16 247
2 249
-3 249
-21 244
-36 236
-58 224
-81 207
-98 184
-111 166
-116 159
-126 140
-131 128
-133 104
-134 85
-119 60
-104 43
-82 25
-72 18
-59 9
-40 2
-16 0
-8 0
12 7
29 15
37 19
62 34
87
305 2000
309 648
290 665
276 676
251 687
234 688
231 688
221 687
201 684
176 680
155 674
144 670
125 663
107 654
94 647
71 632
56 622
47 615
24 597
4 581
-9 570
-33 549
-51 533
-70 516
-94 494
-106 482
-127 458
-141 441
-151 424
-159 409
-161 404
-169 380
-174 364
-179 343
-184 321
-188 300
-190 282
-190 271
-188 248
-185 226
-182 208
-180 198
-173 176
-172 173
-164 152
-154 128
-151 122
-140 108
-124 89
-110 74
-85 49
-71 36
-49 17
-46 15
-27 7
-7 2
7 0
14 0
27 2
38 5
53 10
65 15
77 22
99 37
114 48
121 54
138 70
342 273
358 292
370 310
382 329
397 353
411 376
412 378
418 402
422 425
423 433
424 444
425 456
417 478
407 503
401 517
390 538
381 553
367 575
358 588
344 606
328 626
48
553 2000
-13 267
-26 257
-47 240
-54 234
-78 213
-88 204
-95 190
-103 167
-107 155
-112 131
-104 106
-98 89
-85 65
-67 40
-56 31
-35 17
-25 11
-22 10
1 4
17 0
25 0
49 3
63 7
204 62
214 69
239 87
255 103
273 127
288 148
288 159
281 184
274 204
273 206
264 221
257 231
234 252
211 272
193 287
183 295
172 302
154 310
133 316
109 317
100 317
77 314
56 307
31 296
10 283
8
787 366
4 24
-18 48
-19 48
-46 35
-29 17
-6 0
3 0
23 1
94
80 2000
242 554
233 564
211 581
200 589
186 592
171 594
146 597
-108 619
-133 621
-158 622
-166 622
-178 621
-203 611
-212 607
-216 605
-224 600
-237 591
-260 571
-284 549
-300 529
-311 511
-323 491
-332 473
-335 466
-340 453
-342 447
-344 439
-347 425
-351 401
-352 388
-353 368
-354 343
-354 321
-353 301
-349 285
-342 264
-332 250
-315 227
-295 204
-275 182
-251 157
-232 138
-223 130
-198 108
-180 93
-155 73
-137 59
-126 52
-105 40
-94 34
-73 23
-65 19
-54 15
-35 9
-25 6
-8 3
13 0
15 0
32 2
51 5
63 8
76 12
88 16
99 20
118 27
136 34
154 47
162 53
184 75
200 92
222 116
230 125
238 136
256 161
268 182
280 207
290 228
301 252
309 270
318 292
325 314
330 332
333 343
334 353
333 369
330 391
325 410
319 432
317 437
305 462
299 474
288 493
275 512
258 536
60
549 2000
10 0
19 0
39 3
61 7
79 12
102 24
123 37
147 56
167 73
188 91
205 107
227 131
245 151
264 175
270 183
281 198
289 219
297 244
298 248
299 254
301 277
302 299
294 322
285 347
273 368
259 387
239 410
220 428
196 450
174 470
163 477
143 486
133 490
112 495
108 495
89 490
67 484
49 477
44 474
37 469
15 452
-124 277
-138 255
-153 230
-166 205
-175 187
-186 164
-193 141
-193 136
-189 123
-178 101
-176 98
-156 78
-131 56
-111 39
-90 24
-70 14
-57 8
-34 4
-10 1
24
889 2000
156 126
141 150
128 168
117 169
112 169
92 168
67 155
-34 62
-52 43
-51 31
-50 29
-37 8
-21 3
-14 2
2 0
6 0
31 1
51 3
70 13
93 29
97 32
118 56
138 79
156 104
41
451 2000
-61 7
-36 3
-14 0
-8 0
10 4
30 9
55 17
77 31
93 46
100 56
108 74
117 96
123 112
122 129
119 151
107 171
90 187
71 202
-45 265
-63 273
-78 279
-82 279
-106 277
-121 269
-137 253
-152 237
-166 222
-182 201
-198 178
-209 162
-211 150
-207 125
-198 106
-191 92
-173 67
-152 43
-148 40
-137 32
-113 19
-100 15
-79 10
50
943 2000
193 103
215 128
219 134
226 145
233 157
240 182
242 191
246 215
246 225
245 241
242 266
241 271
236 283
228 302
219 320
211 332
191 357
171 380
154 398
143 408
120 427
102 436
78 447
61 454
48 457
38 457
17 455
-6 443
-25 431
-35 424
-38 418
-45 397
-106 102
-93 81
-78 59
-71 50
-49 31
-25 11
-17 5
-7 3
14 0
15 0
37 5
58 12
71 17
95 30
120 44
144 58
156 68
170 80
21
851 2000
16 4
18 9
22 33
25 54
24 60
20 69
16 72
-19 98
-38 104
-43 104
-49 103
-61 97
-81 78
-89 69
-89 46
-70 29
-47 11
-35 8
-21 5
4 0
5 0
43
727 2000
-98 96
-92 85
-82 69
-70 52
-57 38
-51 32
-33 16
-8 0
-5 0
12 2
25 5
49 26
60 36
84 60
94 74
123 270
124 292
123 298
112 321
103 334
87 353
73 360
56 367
46 368
42 368
22 366
10 363
-10 354
-27 344
-52 320
-61 310
-77 291
-92 273
-99 264
-106 247
-110 235
-117 212
-120 199
-121 174
-121 149
-117 137
-111 123
-103 106
19
389 264
-37 42
-28 27
-15 9
-5 0
-4 0
14 10
20 14
40 28
54 50
61 70
45 92
35 104
27 105
19 105
6 100
-6 95
-24 80
-31 70
-38 55
39
14 126
-138 65
-114 54
-11 11
-6 9
17 0
19 0
36 4
57 11
71 22
83 44
86 68
87 90
86 101
85 110
78 131
72 148
70 153
60 176
50 188
30 209
16 222
5 231
-11 242
-22 245
-31 247
-49 248
-50 248
-73 246
-91 235
-105 223
-123 205
-138 187
-153 165
-163 149
-167 139
-173 115
-169 101
-166 93
-149 75
14
872 1487
29 56
-85 47
-89 35
-76 23
-54 10
-29 4
-6 0
-4 0
21 5
35 12
49 25
56 33
38 52
32 56
66
775 2000
-90 477
-114 460
-139 442
-162 420
-176 405
-182 398
-192 385
-204 363
-207 354
-210 338
-214 313
-215 293
-216 271
-215 260
-214 252
-211 236
-206 215
-198 194
-190 175
-177 150
-170 140
-158 123
-142 102
-124 79
-116 69
-94 44
-92 42
-76 32
-63 24
-43 15
-30 10
-10 3
9 0
13 0
36 4
48 7
62 16
66 19
88 38
97 50
101 56
105 63
113 78
122 95
127 105
137 130
218 389
218 403
211 428
203 448
199 456
187 477
170 501
157 517
142 533
117 535
104 536
86 537
61 538
56 538
37 536
25 532
3 523
-21 513
-42 504
-66 493
20
723 2000
-14 11
9 0
16 0
27 4
31 7
40 17
48 37
54 62
57 84
57 91
52 108
42 125
21 147
-1 169
-15 181
-30 186
-47 189
-50 189
-69 188
-86 177
4
236 19
-22 25
-31 25
-16 0
-14 0
54
536 2000
-54 61
-50 55
-42 46
-22 26
-9 15
10 1
13 0
20 0
34 3
158 41
180 48
198 55
213 62
237 74
244 80
261 98
267 105
276 121
287 145
290 154
291 172
290 191
287 208
280 228
263 251
244 275
240 280
220 304
204 321
188 335
166 346
141 357
125 363
116 363
101 360
83 354
64 340
53 331
31 312
6 290
-10 275
-31 253
-43 237
-51 226
-63 208
-76 187
-81 173
-82 166
-82 162
-80 137
-76 121
-71 102
-61 77
-58 70
44
844 2000
-52 297
-77 290
-99 277
-113 262
-140 211
-151 190
-154 172
-153 149
-152 129
-151 111
-143 86
-119 64
-94 43
-85 36
-63 23
-38 10
-13 2
7 0
8 0
24 3
49 17
69 31
88 45
101 57
120 76
143 101
159 124
160 127
166 146
166 169
164 193
153 218
142 240
133 252
112 269
100 278
86 285
71 289
52 294
28 300
12 303
-7 306
-10 306
-29 302
18
413 2000
-79 83
-76 39
-75 26
-74 14
-72 8
-50 3
-42 2
-19 0
-15 0
2 15
10 32
17 56
20 77
-4 100
-17 111
-38 114
-46 114
-69 96
67
50 2000
-286 127
-271 116
-247 99
-222 86
-198 74
-72 17
-47 8
-27 4
-19 3
6 1
19 0
20 0
40 1
55 6
70 14
92 30
107 41
126 56
132 61
157 84
175 103
185 114
190 123
201 148
203 169
202 179
198 199
190 221
187 229
182 241
169 264
153 288
138 310
126 324
106 344
93 356
68 379
50 393
42 399
17 417
-5 429
-29 437
-44 439
-49 439
-57 438
-79 433
-104 424
-118 418
-138 409
-155 400
-167 391
-176 384
-193 369
-217 347
-236 328
-248 311
-258 294
-269 271
-274 260
-282 242
-288 228
-294 213
-301 190
-305 166
-305 165
-303 150
-299 138
96
210 2000
22 651
7 644
-16 633
-36 620
-42 616
-66 598
-86 581
-109 561
-124 547
-135 535
-147 520
-164 496
-178 474
-190 455
-202 434
-214 409
-221 391
-223 385
-227 370
-230 358
-234 338
-238 315
-240 293
-241 271
-241 249
-240 245
-232 224
-228 215
-221 202
-209 181
-195 158
-188 147
-171 122
-162 109
-153 97
-138 81
-114 60
-92 44
-72 30
-55 19
-31 7
-18 2
-7 1
11 0
19 0
41 2
60 5
81 9
102 14
125 21
144 29
341 138
366 156
382 169
393 180
405 198
417 220
428 242
432 255
439 278
441 285
445 309
446 317
448 334
447 357
446 367
442 387
436 408
428 431
424 441
422 445
416 456
402 480
389 502
372 525
360 540
340 564
325 581
314 592
301 604
277 624
273 627
254 640
242 648
223 656
208 662
187 670
168 673
160 674
151 674
128 673
103 671
93 670
74 666
50 660
40 657
12
431 385
-83 56
-81 43
-64 21
-3 0
2 0
15 13
13 28
-7 52
-28 67
-47 71
-56 72
-65 72
77
738 2000
96 423
76 431
53 438
29 444
16 445
7 445
-8 442
-16 439
-29 434
-51 424
-64 417
-85 405
-105 392
-117 384
-140 366
-156 353
-170 341
-181 331
-198 311
-212 289
-220 276
-230 257
-234 249
-242 227
-248 202
-245 184
-240 162
-234 146
-229 136
-219 118
-207 100
-203 95
-181 75
-161 60
-143 47
-140 45
-115 29
-111 27
-103 24
-34 2
-10 0
-6 0
14 1
27 2
49 6
57 8
78 15
93 21
117 32
119 33
124 36
129 40
154 65
163 75
175 90
182 99
198 121
211 142
214 147
222 167
230 190
234 206
236 215
239 237
240 250
239 272
238 275
234 285
223 309
214 326
203 341
185 365
173 377
159 387
149 394
130 406
108 418
12
638 798
49 19
70 36
72 54
68 65
57 77
55 77
31 61
13 42
9 31
0 6
15 0
25 0
8
826 402
-4 43
-9 46
-17 46
-2 0
8 0
22 2
21 15
2 37
6
558 282
-9 0
17 19
-7 32
-9 32
-29 24
-17 0
37
206 2000
-37 15
-19 2
-10 0
-1 0
10 3
17 5
35 12
57 27
71 38
80 47
97 65
113 83
130 107
141 124
146 145
150 164
150 170
143 186
140 190
127 206
114 213
103 216
78 222
77 222
61 220
36 216
21 213
11 209
-6 201
-15 196
-28 182
-48 159
-59 145
-79 77
-77 59
-62 41
-44 21
21
599 2000
-41 12
-23 3
2 0
3 0
27 24
40 40
43 60
43 68
38 91
31 112
25 129
5 151
-8 161
-14 161
-34 159
-43 156
-63 142
-78 122
-86 109
-97 87
-50 17
90
781 2000
205 473
189 493
175 510
160 528
143 546
133 555
125 562
118 567
94 583
80 592
55 605
34 613
16 619
-6 626
-21 628
-30 628
-54 627
-69 625
-87 617
-109 607
-126 597
-134 591
-139 587
-162 568
-180 551
-183 548
-206 523
-228 499
-241 484
-247 477
-264 454
-282 429
-299 404
-308 390
-321 368
-326 359
-339 335
-349 312
-351 304
-352 289
-353 269
-353 263
-350 243
-346 226
-344 219
-342 213
-336 204
-312 179
-290 157
-273 141
-255 126
-250 122
-241 115
-217 101
-81 28
-63 19
-50 13
-25 3
-11 1
0 0
2 0
14 2
18 3
36 10
43 13
67 28
90 48
112 68
128 85
149 109
156 118
173 140
190 164
200 180
213 201
223 221
231 239
235 249
238 259
244 280
245 285
247 297
249 312
250 335
249 349
247 373
243 398
239 417
236 431
220 454
8
10 98
10 0
90 0
100 10
100 90
90 100
10 100
0 90
0 10
