100
22 -55.6201656349003 -39.2811477184296
5 -12.4802589416504 -18.9057588577271
20 -4.39651608467102 -30.4241282865405
7 6.40988852828741 22.3963586613536
20 -10.0920632481575 -16.0257510840893
4 4.26341230049729 68.959535099566
7 -19.6189649403095 -11.5120969712734
16 91.4165567606688 -59.2723819427192
20 -4.40370887517929 55.3680607117713
15 14.0763594768941 -10.5324078351259
19 -88.4169554337859 -0.0892981886863709
20 49.2881555110216 24.9092145822942
10 26.0961178690195 -25.8575946092606
22 -18.3122144080698 -32.1283988654613
6 9.57953715696931 3.93457757309079
13 21.0811503231525 -10.682487487793
17 -0.470521207898855 34.7478657960892
20 -3.32986125722528 -22.1228728070855
16 -0.514784641563892 -57.889043353498
2 31.8849949166179 -2.96294018626213
2 63.0120992660522 -5.61053026467562
15 21.2770386599004 -12.325656786561
19 49.7578916139901 -9.05175339430571
12 -42.5966395996511 15.0272201746702
12 -18.9376479014754 44.2814663052559
18 27.1812379360199 -12.7280037850142
14 -2.25464757531881 14.6120921708643
2 41.789161413908 35.5971582233906
5 24.9594133347273 -8.67027975618839
8 -24.7552871704102 2.16598510742188
0 -18.5909603722394 -5.4321127012372
10 33.0631105229259 29.2908266186714
7 5.17184380441904 35.2100010961294
21 7.79665075242519 -30.9584312140942
14 9.2238362878561 28.9177956059575
20 62.6218769699335 34.2688020318747
9 10.7584968209267 -19.1998198628426
10 41.1623202264309 8.1878830678761
11 70.8808731287718 0.391898676753044
6 -51.5805192291737 -4.95307706296444
1 76.7100378870964 1.03687942028046
13 -0.88697113096714 19.1310793161392
1 -77.9918879270554 7.32469419017434
20 60.0009003654122 -16.0060034133494
18 7.29924291372299 -7.54011766985059
0 14.9988889694214 24.0093337371945
12 -3.40050458908081 51.9519604742527
9 32.8695678152144 56.8450890481472
22 4.01133075356483 -6.66527766734362
1 -12.2481473721564 -0.610135775059462
23 -15.5596062541008 -7.19799986109138
24 -34.0427398681641 -2.77584558352828
21 -18.5461699962616 36.7779894731939
12 8.64188671112061 -22.7852968499064
0 74.3970337323844 -22.4059838801622
10 45.5433502793312 16.7473340407014
4 53.6876864731312 -9.21480637043715
3 27.7756858617067 31.3350992277265
12 -20.5047595314682 6.3728834502399
14 29.3839827179909 -13.4921304881573
11 3.55827631428838 -4.67953160405159
13 10.3369713760912 -75.1321382820606
1 -14.6143875084817 20.3335358761251
13 -15.2225838974118 -84.3077214434743
4 2.09708046168089 18.3183895424008
1 0.0563361681997776 -22.2416818141937
8 -13.5652720928192 -1.90893840044737
12 11.342316865921 1.03191565722227
9 -78.3229669556022 44.7756879962981
23 -6.32464252412319 -5.38800321519375
23 -11.1041560769081 33.2229651510715
19 -30.8102320879698 33.3561588078737
6 58.1609293818474 -11.236235126853
18 1.53901427984238 -79.0524646639824
3 62.789318151772 -24.1453446447849
15 -27.7627440169454 -34.3404677696526
0 -37.521837092936 11.791692301631
2 -0.226225238293409 -41.0685362294316
17 -25.1918368041515 41.251580324024
18 -43.2457400485873 23.1477521359921
8 35.5944536626339 4.0994830429554
6 -46.1279544979334 -65.5601372942328
24 1.2858035042882 -18.1890460662544
11 16.6804762557149 -55.0600874237716
23 17.4269204959273 33.3720026537776
0 32.7151995152235 -40.2636053040624
3 -8.42902660369873 -14.2401495948434
1 -15.4759457334876 11.8534661829472
19 -76.0565922595561 -20.5924012698233
11 1.10475942492485 15.9592492505908
14 8.08667056262493 -10.2118888869882
15 -1.06971757486463 -11.343801394105
21 -6.53058020398021 -23.3057469129562
8 11.1349639482796 58.7272765114903
6 54.1072250343859 46.2137429974973
12 10.8014229685068 -25.845967233181
3 -7.57083706557751 76.7893290147185
4 -33.3873230963945 -4.01680860668421
15 -36.1542016267776 13.1232663989067
14 3.7195248529315 2.87308441475034
