0 90 100
-20 10 20 10
1 90 100
-2 3 4 8 0
-20 10 20 10
2 150 1000
-60 165 50 165 0
110 25 130 120 1
-205 360 275 360
0 150 10000
-1000 500 1000 500
0 150 1000
-1000 500 1000 500
0 150 800
-1000 500 1000 500
0 150 600
-1000 500 1000 500
0 150 500
-1000 500 1000 500
0 150 400
-1000 500 1000 500
4 2 708
1 1 -1 3 1
-2 1 -4 3 1
-4 4 -2 6 1
198 2 204 8 1
-1000 500 1000 500
4 2 707.05
1 1 -1 3 1
-2 1 -4 3 1
-4 4 -2 6 1
198 2 204 8 1
-1000 500 1000 500
4 2 707
1 1 -1 3 1
-2 1 -4 3 1
-4 4 -2 6 1
198 2 204 8 1
-1000 500 1000 500
4 50 400
1 10 5 10 1
-1 10 -5 10 1
5 0 10 0 1
-5 0 -10 0 1
-200 200 200 200
6 50 400
1 10 5 10 1
-1 10 -5 10 1
5 0 10 0 1
-5 0 -10 0 1
-20 50 -20 100 1
20 50 20 100 1
-200 200 200 200
6 50 400
1 10 5 10 1
-1 10 -5 10 1
5 0 10 0 1
-5 0 -10 0 1
-40 110 -40 150 1
40 110 40 150 1
-200 200 200 200
4 50 400
1 10 5 10 1
-1 10 -5 10 1
3 0 10 0 1
-3 0 -10 0 1
-200 200 200 200
6 50 400
1 10 5 10 1
-1 10 -5 10 1
3 0 10 0 1
-3 0 -10 0 1
-20 75 -20 100 1
20 75 20 100 1
-200 200 200 200
2 150 300
-10 2 -100 202 1
-7 3 -97 203 1
-500 210 0 210
2 150 220
-10 2 -100 202 1
-7 3 -97 203 1
-500 210 0 210
2 150 300
-10 2 -100 202 1
-7 3 -96 203 1
-500 210 0 210
6 4 100
-4 4 -2 6 1
-1 4 1 6 1
2 6 4 4 1
-2 1 -4 3 1
-1 1 1 3 1
2 1 4 3 1
-10 10 10 10
6 5 100
-4 4 -2 6 1
-1 4 1 6 1
2 6 4 4 1
-2 1 -4 3 1
-1 1 1 3 1
2 1 4 3 1
-10 10 10 10
6 5.3 100
-4 4 -2 6 1
-1 4 1 6 1
2 6 4 4 1
-2 1 -4 3 1
-1 1 1 3 1
2 1 4 3 1
-10 10 10 10
6 6 100
-4 4 -2 6 1
-1 4 1 6 1
2 6 4 4 1
-2 1 -4 3 1
-1 1 1 3 1
2 1 4 3 1
-10 10 10 10
7 43.6 100
-2 5 2 5 1
-4 0 -3 0 1
4 0 3 0 1
-7 3 -5 9 1
7 3 5 9 1
-3 3 -3 6 0
3 3 3 6 0
-6 10 6 10
10 2 100
-1 6 1 8 1
2 8 4 6 1
5 8 7 6 1
-4 3 -2 5 1
-1 3 1 5 1
2 5 4 3 1
5 3 7 5 1
-2 0 -4 2 1
-1 0 1 2 1
2 0 4 2 1
-10 10 10 10
10 3 100
-1 6 1 8 1
2 8 4 6 1
5 8 7 6 1
-4 3 -2 5 1
-1 3 1 5 1
2 5 4 3 1
5 3 7 5 1
-2 0 -4 2 1
-1 0 1 2 1
2 0 4 2 1
-10 10 10 10
10 4 100
-1 6 1 8 1
2 8 4 6 1
5 8 7 6 1
-4 3 -2 5 1
-1 3 1 5 1
2 5 4 3 1
5 3 7 5 1
-2 0 -4 2 1
-1 0 1 2 1
2 0 4 2 1
-10 10 10 10
10 150 100
-14 4 -9 13 0
-5 10 0 14 0
1 7 3 7 0
8 16 10 15 0
-9 10 -3 7 0
0 17 3 14 0
3 11 7 13 0
8 11 11 10 0
7 5 7 8 0
11 18 14 17 0
-25 20 25 20
10 150 100
-15 11 -13 11 0
-11 12 -10 14 0
-9 15 -7 14 0
-5 13 -3 15 0
-1 14 0 12 0
2 16 4 17 0
5 15 6 13 0
7 12 9 13 0
10 11 11 9 0
13 8 14 6 0
-100 20 100 20
10 150 100
-1 1 -3 2 0
1 1 3 2 0
-3 3 -1 4 0
3 3 1 4 0
-1 5 -3 6 0
1 5 3 6 0
-3 7 -1 8 0
3 7 1 8 0
-1 9 -3 10 0
1 9 3 10 0
-10 15 10 15
10 150 100
-1 9 -3 10 0
1 9 3 10 0
-2 10 -4 11 0
-2 11 -4 12 0
-2 12 -4 13 0
-2 14 -14 14 0
2 10 4 11 0
2 11 4 12 0
2 12 4 13 0
2 14 14 14 0
-10 15 10 15
5 90 100
-6 6 -1 9 0
-6 8 -5 11 1
3 11 5 9 0
9 10 10 12 1
7 7 6 11 0
-15 15 15 15
2 40 20000
-10000 1 -1 1 1
1 1 10000 1 1
-10000 10000 10000 10000
2 40 20000
-10000 5000 -10 5000 1
10 5000 10000 5000 1
-10000 10000 10000 10000
6 40 20000
-10000 9900 -1113 9900 1
-1111 9900 -587 9900 1
-586 9900 219 9900 1
220 9900 844 9900 1
845 9900 927 9900 1
928 9900 10000 9900 1
-10000 10000 10000 10000
0 90 1000
0 14 30 14
1 90 1000
-8 -1 -2 11 1
0 14 30 14
2 90 1000
-1 3 2 3 0
-8 -1 -2 11 1
0 14 30 14
3 90 1000
-1 3 2 3 0
-8 -1 -2 11 1
7 11 8 10 0
0 14 30 14
4 90 1000
-1 3 2 3 0
-8 -1 -2 11 1
7 11 8 10 0
5 11 5 12 1
0 14 30 14
5 90 1000
-1 3 2 3 0
-8 -1 -2 11 1
7 11 8 10 0
5 11 5 12 1
0 13 1 11 1
0 14 30 14
0 0.0 0.0
