22
6 180
45 30 55 20 80 20
10 60
20 7 10 8 10 27 2 3 10 5
6 180
45 30 55 20 80 20
10 60
20 7 10 8 10 27 2 3 10 5
1 500
100
5 10
1 2 3 4 5
5 9
1 2 3 4 5
5 16
1 2 3 4 5
5 1
2 1 2 1 2
50 500
12 14 17 15 19 11 8 9 11 16 7 4 1 4 16 1 20 13 14 10 10 19 7 20 17 8 17 18 6 20 9 9 17 14 15 20 1 15 9 7 15 19 2 5 13 18 16 12 8 14
50 500
15 13 8 15 4 12 11 11 17 18 2 9 8 16 14 6 14 8 15 8 20 3 6 5 10 15 4 5 9 7 16 10 15 6 11 11 20 5 17 15 4 19 2 18 18 10 13 7 9 4
50 500
15 14 5 8 11 15 20 7 3 17 2 10 1 16 9 4 17 7 14 15 3 12 2 9 8 7 18 17 11 5 19 16 15 8 6 20 12 1 16 18 2 7 3 8 13 15 8 2 19 7
21 217
90 42 68 51 94 93 6 87 97 76 71 59 57 73 32 3 86 51 22 87 29
45 490
4 52 15 10 38 50 84 82 48 68 30 92 70 71 27 39 12 66 15 29 39 74 57 72 41 69 52 14 89 82 65 11 14 11 94 91 72 10 67 76 23 19 3 16 79
7 185
53 9 53 67 88 72 23
48 349
10 33 83 51 29 55 22 58 13 81 4 87 21 4 96 99 81 48 70 87 42 65 47 75 82 39 64 82 10 77 45 34 84 54 98 27 19 30 82 32 80 24 56 46 12 93 15 64
15 84
87 97 73 16 76 83 75 28 45 38 76 21 22 55 65
25 131
28 1 15 38 93 74 86 29 20 38 92 92 41 30 31 26 65 14 37 23 4 73 18 41 76
9 53
28 82 1 60 97 26 44 83 98
16 24
15 40 3 29 7 60 15 99 82 3 10 91 69 82 99 37
42 129
36 100 64 71 62 96 29 64 4 58 23 60 69 45 64 71 7 46 96 19 38 48 40 86 73 39 69 39 11 83 80 95 37 58 56 90 25 25 71 66 56 94
50 182
2 97 20 11 54 95 34 28 54 68 20 39 51 87 17 6 55 43 10 69 31 27 58 37 21 3 88 69 36 93 49 32 75 9 82 79 74 61 33 87 14 89 32 42 99 47 80 65 89 74
