28
20 1440
5 20 -1
95 47 1264
34 85 932
84 49 1111
68 31 1030
36 18 980
8 97 861
43 82 -1
78 47 -1
53 27 -1
49 28 988
45 50 1183
90 94 1426
100 38 950
77 59 -1
63 99 962
65 90 -1
4 6 1246
45 29 -1
19 71 1176
0 15 98 73 23 54 30 47 19 78 2 18 85 65 16 1 61 72 63 12 77 44
93 0 50 5 42 63 11 50 51 65 59 85 67 38 19 44 74 60 38 38 83 6
82 94 0 93 13 89 97 2 43 6 64 27 9 78 44 31 39 91 32 86 83 15
6 58 69 0 100 57 44 94 81 69 71 8 78 19 93 45 93 23 89 52 14 78
3 51 68 51 0 45 80 64 38 97 50 93 34 86 29 75 8 80 91 97 83 78
59 1 62 19 36 0 19 59 86 60 79 81 38 41 24 50 71 86 100 93 40 24
15 80 55 50 26 37 0 41 21 93 48 58 30 83 82 48 44 33 7 79 23 29
12 12 79 85 56 94 63 0 84 70 59 4 93 47 95 80 61 9 12 12 60 59
20 59 93 38 96 83 100 90 0 68 25 84 87 7 70 14 4 85 26 12 34 30
2 56 50 36 84 79 77 18 64 0 68 90 29 98 2 17 92 100 28 98 44 98
34 18 55 22 12 67 56 57 55 7 0 71 7 36 70 3 18 18 86 83 53 51
18 5 40 57 7 32 23 42 88 17 4 0 41 28 60 78 47 86 88 75 38 72
10 30 7 84 7 44 1 41 56 14 40 88 0 89 78 100 1 47 71 84 65 44
4 3 57 32 70 37 11 76 9 78 50 38 17 0 21 88 37 25 11 82 48 20
34 66 70 22 100 7 28 7 35 86 37 86 42 100 0 89 20 81 67 48 43 49
25 6 20 35 79 30 10 72 49 82 61 63 42 94 78 0 76 4 26 74 46 86
35 84 18 55 83 56 32 34 70 31 28 63 100 55 45 61 0 47 75 85 93 67
78 15 88 66 73 57 42 97 75 70 63 4 40 7 54 79 93 0 30 53 80 35
45 67 71 93 77 30 50 78 60 47 21 9 92 94 7 90 83 72 0 72 97 45
70 89 58 31 27 56 76 34 21 62 32 90 65 22 30 99 95 34 94 0 57 49
24 72 97 39 88 69 99 10 77 26 4 7 47 22 87 99 80 54 88 39 0 79
50 66 2 86 74 96 26 72 90 31 66 9 71 97 56 100 85 92 25 9 28 0
20 1440
60 20 -1
69 80 961
45 56 941
11 92 858
31 61 1245
34 12 1033
22 18 -1
74 11 1158
89 56 -1
53 91 865
5 74 1086
27 65 848
94 41 1430
77 37 -1
24 54 915
72 18 1100
77 66 827
100 7 1042
84 7 1001
65 45 1208
0 53 73 27 65 32 15 75 78 27 73 68 65 4 86 12 21 73 57 74 36 46
83 0 31 35 84 3 75 88 35 89 54 21 44 83 12 95 83 33 55 57 86 6
61 82 0 64 52 28 44 8 9 13 78 44 88 20 24 77 10 10 37 73 90 82
37 86 41 0 43 71 51 67 17 79 80 78 5 73 66 9 93 49 75 6 19 36
18 78 81 55 0 16 99 4 94 57 20 34 53 27 11 6 59 62 83 63 60 52
49 29 40 26 68 0 53 34 39 24 55 28 96 46 37 66 3 76 26 17 21 17
55 57 62 57 77 22 0 40 55 70 66 55 9 82 5 77 90 32 85 56 26 42
86 95 12 94 61 29 51 0 45 80 92 62 61 3 35 49 39 68 34 35 18 97
26 7 11 93 30 25 60 13 0 6 26 91 76 37 3 68 24 88 24 96 80 69
38 32 21 97 42 49 48 35 3 0 68 76 3 68 16 26 74 19 31 93 56 88
63 11 4 35 90 11 64 74 21 22 0 48 34 30 39 52 68 37 31 53 29 18
45 60 17 1 49 52 31 65 85 91 81 0 32 49 22 8 38 88 78 81 17 92
4 27 53 94 11 19 36 28 47 70 9 80 0 28 76 11 4 53 81 60 68 55
57 6 9 83 16 90 99 10 28 42 95 61 57 0 70 11 23 14 33 78 1 46
77 88 17 24 90 48 64 79 7 68 43 62 90 74 0 53 14 4 12 7 27 43
60 17 85 80 18 74 11 7 30 86 50 90 8 30 1 0 27 42 49 84 15 25
54 79 48 64 21 15 84 60 53 64 87 69 90 88 93 69 0 70 79 65 65 57
10 54 88 19 65 50 66 72 51 9 80 48 66 13 90 99 81 0 44 80 32 63
76 62 71 45 18 26 52 1 68 51 88 29 19 97 78 97 35 53 0 25 64 77
53 40 29 63 40 40 7 93 88 90 31 60 76 7 73 82 75 58 50 0 27 47
63 89 76 91 43 41 80 19 63 59 76 53 14 45 69 86 91 45 38 73 0 94
28 99 96 56 44 86 39 17 17 32 44 67 38 14 68 46 41 28 3 51 66 0
2 401
26 206 906
96 1179 751
0 72 683 1122
833 0 1412 943
771 716 0 575
792 1062 16 0
3 606
43 1346 697
41 806 95
74 97 859
0 569 276 847 294
1032 0 316 466 1120
663 843 0 745 186
1254 931 1320 0 425
600 675 804 670 0
4 388
31 1151 912
85 811 492
92 163 867
48 443 231
0 595 1257 861 456 1110
136 0 418 204 1242 1069
39 1095 0 341 973 49
637 303 1307 0 215 1082
997 1349 968 588 0 1378
1284 537 145 1324 86 0
5 332
35 383 478
61 24 130
15 46 236
80 243 1198
35 794 786
0 698 857 906 418 419 1116
715 0 576 680 1335 1215 910
972 831 0 1127 1412 1139 1099
670 107 1359 0 1404 1059 785
630 1149 557 711 0 840 193
686 327 1377 602 1416 0 951
1010 127 719 418 543 1200 0
10 1376
92 1282 654
21 1002 1300
100 1398 143
43 577 191
45 538 1265
9 1282 780
91 39 131
37 1148 339
41 255 1323
99 409 306
0 753 552 1164 119 909 971 941 348 215 1187 908
424 0 629 1344 1141 628 897 829 1044 156 691 1273
297 130 0 157 1392 1239 733 1285 1118 1084 734 1214
724 74 21 0 1121 904 673 231 1340 1277 99 1391
1028 212 1418 843 0 1149 314 952 344 934 1432 159
100 1407 1342 902 1244 0 1148 1117 321 713 219 1007
1315 1407 82 805 997 1274 0 655 638 641 1107 1006
504 1143 636 436 139 420 569 0 227 720 105 396
985 355 1113 94 218 785 1439 555 0 281 1301 590
187 721 572 1088 431 63 500 599 1388 0 1390 511
470 86 140 1192 1351 91 629 132 276 1108 0 1321
973 676 123 1328 1212 1240 151 1402 408 733 1137 0
15 468
58 652 378
99 867 1077
76 731 705
91 524 1166
11 629 666
39 472 333
53 1195 1379
27 688 315
28 332 683
67 132 445
2 322 593
27 122 849
52 68 1364
11 978 894
31 66 1087
0 1053 994 1127 1158 345 505 1230 795 8 1056 742 643 449 54 488 538
1167 0 708 1287 761 16 932 572 761 6 1392 85 808 439 884 349 255
484 105 0 384 1016 348 1256 675 361 751 387 509 284 98 200 1322 142
673 773 1392 0 681 808 1338 280 359 1435 6 29 1031 874 512 1333 858
1344 782 1333 142 0 1260 1008 124 1351 285 804 224 1351 1238 682 81 767
45 1149 533 303 397 0 544 785 450 34 776 207 511 1337 9 383 1067
655 74 1332 562 28 479 0 655 389 706 994 1373 895 1369 883 1118 178
116 510 1021 884 1012 1291 905 0 1114 1097 915 622 66 683 157 291 74
1292 646 347 213 993 1114 970 532 0 1234 1357 1113 850 832 191 639 577
1248 1041 247 24 1122 525 30 966 408 0 984 1068 288 215 691 299 920
1339 937 1080 1204 983 1079 935 927 626 644 0 1170 883 819 1150 728 786
673 999 1270 709 92 969 952 353 891 439 1102 0 1065 1173 846 801 440
1001 1213 75 940 1322 785 259 1096 1437 736 292 110 0 439 440 1434 1085
832 696 1222 667 297 1286 557 397 1165 308 36 1150 769 0 1020 192 1128
321 485 57 1101 236 487 631 1433 560 38 279 957 596 962 0 350 260
256 89 771 28 1029 1262 950 460 1259 977 1292 814 873 870 1217 0 206
521 256 1163 693 682 645 277 183 1170 1035 956 1346 668 784 136 966 0
20 584
64 634 1072
70 98 499
62 884 1393
49 691 1324
46 1026 216
70 212 1292
19 1065 350
59 1298 1302
36 122 234
5 930 1325
21 1252 1282
23 472 1147
85 656 148
26 558 1120
87 1048 182
1 344 642
20 1421 1273
61 204 691
28 534 1086
41 326 512
0 622 1228 82 198 1365 26 791 353 629 309 1423 1334 1143 732 628 857 135 924 1034 788 1168
177 0 864 364 117 1333 1206 992 121 1344 750 1130 1355 545 904 102 926 149 650 572 824 1398
238 441 0 675 94 856 695 438 1363 1030 1339 1362 831 686 838 1360 576 431 1105 598 1128 400
265 469 1091 0 471 905 770 708 104 500 80 400 578 876 408 1353 1054 997 1077 890 333 408
335 1330 1244 1269 0 1085 934 1070 551 115 78 200 1256 790 1216 278 376 188 1096 1349 993 484
21 1 1155 729 663 0 721 1205 1141 655 751 227 117 45 806 568 306 1385 1080 56 12 1141
692 835 416 50 684 596 0 1298 631 154 1122 1253 202 12 440 465 1173 16 136 1190 655 940
112 623 140 376 1330 1311 1294 0 296 1256 429 189 1212 747 259 172 416 1039 568 846 273 18
513 910 808 1337 802 664 747 439 0 612 788 920 62 296 1242 1261 1194 1266 955 215 1244 486
427 748 193 1165 634 182 89 1063 292 0 716 534 921 406 447 350 66 1368 600 762 787 442
1412 1300 896 101 955 123 779 1407 375 566 0 666 10 746 996 671 261 1025 1342 83 897 161
242 869 278 79 480 374 63 497 1037 408 438 0 190 974 717 375 1399 980 251 1389 237 1063
1122 568 606 802 1326 1108 815 1015 1041 1428 476 20 0 365 420 1066 827 1157 1360 626 489 644
391 646 1165 544 153 1431 1235 360 233 146 667 663 960 0 7 1370 1400 243 1146 831 691 1169
198 1139 686 990 1416 732 1073 1135 855 1238 716 1255 814 1127 0 504 516 590 1440 131 37 865
1386 731 1333 167 1406 31 439 1229 460 948 1017 1196 482 831 499 0 161 815 1009 1299 842 255
660 1357 366 1033 285 606 1255 937 206 93 178 1209 1242 932 553 664 0 1214 1038 370 168 249
311 1205 1380 621 1027 463 46 193 925 736 1068 422 667 83 1173 575 1306 0 662 627 164 18
1151 713 783 624 138 802 575 997 1001 1181 214 269 1367 279 932 888 1162 624 0 540 1312 617
883 488 801 14 271 891 652 72 570 1436 353 211 1179 1385 819 186 659 1389 1074 0 163 242
40 884 953 238 696 910 426 1201 946 201 539 790 157 399 141 597 825 1354 1098 41 0 415
83 1058 508 1163 399 956 8 775 793 246 1265 1256 531 1221 715 1134 505 618 120 603 427 0
1 1440
93 86 -1
0 67 32
97 0 11
31 74 0
2 1440
16 51 -1
47 59 1386
0 2 13 33
44 0 98 25
99 6 0 94
82 48 24 0
3 1440
65 68 1123
67 73 830
40 26 1135
0 42 23 73 60
74 0 73 51 94
41 76 0 4 11
22 72 26 0 49
51 19 21 40 0
4 1440
13 30 -1
14 76 -1
29 68 1006
37 94 -1
0 31 78 34 71 78
41 0 86 37 24 67
20 4 0 14 46 71
55 65 53 0 39 86
98 62 6 15 0 89
23 65 40 43 12 0
5 1440
92 33 -1
28 2 -1
28 53 1062
6 68 -1
7 26 1414
0 90 16 80 27 93 42
63 0 69 37 20 96 86
12 5 0 84 20 59 42
89 18 18 0 16 65 25
8 32 2 26 0 44 30
2 54 83 6 51 0 29
99 18 10 79 40 21 0
10 1440
54 68 1397
55 44 1419
83 75 1297
32 2 -1
92 35 1196
65 45 1070
26 30 -1
99 26 -1
69 30 -1
32 30 1425
0 24 55 43 51 48 84 81 11 82 83 100
74 0 20 75 86 5 27 82 87 85 19 18
78 66 0 86 52 96 53 18 50 84 24 43
86 10 100 0 16 1 58 68 32 65 64 6
72 95 63 57 0 70 69 10 59 91 88 51
84 55 17 24 57 0 67 8 43 65 37 53
68 86 7 82 56 98 0 18 96 91 75 82
15 28 89 39 66 18 89 0 48 91 34 66
74 86 95 25 3 82 28 48 0 71 26 91
52 33 54 87 51 60 28 59 25 0 42 6
37 26 24 67 100 19 32 99 79 75 0 57
77 7 9 25 54 73 89 69 52 78 18 0
15 1440
37 43 -1
82 91 -1
88 44 1239
100 43 -1
33 52 1381
35 61 -1
78 96 1113
2 51 1207
46 83 -1
70 8 1044
38 13 841
4 13 -1
100 78 1347
78 16 -1
33 89 -1
0 54 81 70 25 7 63 22 12 26 12 6 84 19 61 96 91
96 0 37 83 14 4 10 9 97 26 27 9 56 53 96 9 66
78 91 0 31 63 15 3 3 58 4 80 19 74 95 66 18 9
19 85 85 0 58 90 75 3 61 76 59 83 59 14 22 64 16
72 11 54 47 0 79 55 30 79 64 9 71 46 5 21 11 50
84 30 100 34 67 0 27 78 27 85 24 54 73 95 82 64 88
46 33 20 51 2 1 0 52 25 54 80 25 38 40 41 22 85
23 83 58 84 50 50 88 0 63 70 44 5 88 39 54 22 88
94 87 28 54 2 24 1 50 0 66 6 23 100 25 16 77 35
7 15 79 53 88 67 8 45 50 0 61 32 62 65 26 58 91
47 31 33 62 25 50 1 55 52 57 0 16 78 100 57 13 28
66 25 88 41 88 48 10 16 100 13 45 0 3 100 74 59 43
44 70 33 31 93 53 1 75 23 70 78 27 0 84 57 89 86
34 28 62 80 72 42 37 33 85 75 86 14 53 0 70 30 54
98 28 63 48 48 95 26 19 75 87 13 15 27 66 0 62 20
44 18 90 34 90 97 45 32 7 55 43 41 85 28 26 0 37
7 22 70 30 52 29 46 96 15 64 26 94 97 17 67 28 0
10 1440
2 96 -1
48 88 -1
56 92 -1
19 23 -1
92 70 -1
70 65 -1
28 33 -1
16 77 -1
70 77 -1
81 44 -1
0 31 89 46 94 54 58 6 74 78 26 97
98 0 43 61 27 67 91 77 43 90 17 82
56 61 0 54 53 62 21 91 15 41 9 14
100 44 60 0 75 70 97 42 84 87 31 30
10 46 51 88 0 85 26 56 33 18 65 74
1 66 73 1 54 0 7 37 98 49 42 4
65 7 4 44 61 16 0 87 91 11 85 15
47 74 32 35 99 22 75 0 40 29 59 68
12 77 34 24 7 78 23 57 0 95 63 12
84 62 29 69 30 50 69 32 89 0 80 31
20 46 76 78 5 2 90 4 9 53 0 79
95 87 60 65 43 2 12 50 88 22 15 0
15 1440
23 93 -1
96 95 -1
54 99 -1
42 12 -1
92 100 -1
69 37 -1
16 83 -1
18 84 -1
88 73 -1
11 37 -1
7 9 -1
8 71 -1
65 97 -1
23 72 -1
24 83 -1
0 8 11 47 9 71 65 63 72 95 10 84 76 65 99 5 92
67 0 19 62 32 84 97 13 76 71 63 34 51 21 77 96 90
90 4 0 15 17 40 78 17 85 44 20 20 10 32 96 26 12
2 66 64 0 67 97 38 75 56 77 2 76 90 40 49 88 40
75 69 96 87 0 35 48 31 59 80 58 64 90 14 57 69 1
78 84 35 79 42 0 64 13 57 51 41 21 1 85 18 32 64
61 9 63 86 88 32 0 88 31 92 67 61 5 18 25 90 6
73 94 24 66 90 19 27 0 15 44 23 20 90 18 85 57 96
98 15 81 77 52 32 8 37 0 40 74 80 97 31 67 77 94
98 59 29 13 69 28 97 9 28 0 71 48 23 86 15 50 14
85 57 54 29 51 53 93 46 45 8 0 17 60 41 93 84 52
4 76 69 31 1 54 52 6 40 30 8 0 51 53 24 23 52
48 62 66 8 35 100 8 38 48 85 47 64 0 20 46 89 42
19 74 96 81 45 62 60 82 55 30 5 50 50 0 79 87 37
13 71 8 60 81 15 45 1 55 59 33 21 50 92 0 33 46
86 30 87 41 32 23 93 52 77 90 87 8 73 43 25 0 34
23 8 14 94 73 48 61 48 79 10 31 90 55 33 23 13 0
20 1440
38 22 -1
89 86 -1
100 46 -1
62 95 -1
95 95 -1
77 87 -1
37 76 -1
4 94 -1
5 28 -1
52 93 -1
20 27 -1
78 9 -1
37 12 -1
19 31 -1
97 38 -1
14 42 -1
67 30 -1
63 59 -1
45 75 -1
70 95 -1
0 83 26 5 47 93 38 88 29 100 58 4 77 34 22 27 78 54 61 50 3 93
27 0 32 95 60 41 25 49 88 72 74 28 71 52 13 72 20 63 96 57 53 76
72 13 0 11 28 69 37 69 77 85 23 62 42 14 5 77 66 15 5 93 38 87
58 99 46 0 15 45 22 92 74 100 42 70 69 83 59 18 52 13 38 5 46 61
30 92 43 44 0 22 87 42 21 80 6 81 52 85 16 72 31 96 66 86 76 6
38 37 31 31 87 0 8 53 97 15 47 37 9 6 49 99 96 5 89 89 41 50
62 21 56 40 8 81 0 22 38 27 55 95 55 96 20 88 8 58 27 66 91 83
71 86 51 67 79 44 64 0 76 88 21 94 88 86 85 71 15 81 45 32 84 49
49 30 43 52 53 74 27 25 0 54 51 55 39 34 91 3 1 60 95 60 23 32
44 49 89 70 49 80 1 30 43 0 68 3 46 57 51 38 65 57 71 68 95 68
44 98 12 49 37 30 27 52 88 43 0 68 9 93 68 14 34 13 92 25 20 36
70 57 39 78 20 33 45 73 81 44 80 0 65 47 65 23 21 91 92 89 64 67
1 4 49 16 48 99 74 41 72 83 30 9 0 1 28 63 24 31 4 70 66 9
99 21 54 19 84 90 80 76 88 3 32 11 93 0 4 32 51 24 36 9 25 94
4 78 100 34 63 69 82 42 65 10 92 86 48 24 0 56 33 97 74 3 66 88
61 71 47 29 67 1 44 54 48 27 64 88 86 91 21 0 36 32 80 93 51 82
77 74 8 54 7 89 35 46 23 61 100 57 15 25 36 46 0 33 82 74 35 15
51 2 84 58 81 98 91 52 22 86 8 55 36 38 56 61 16 0 58 35 77 58
13 22 65 66 29 51 24 69 74 3 98 86 13 6 75 79 8 97 0 67 87 99
67 35 98 63 19 48 69 49 27 84 79 100 42 14 85 38 3 42 85 0 86 73
43 38 35 82 18 32 95 17 70 99 1 29 76 66 2 26 47 56 42 12 0 7
98 34 52 44 64 27 75 27 76 64 2 54 39 51 61 39 81 77 6 77 90 0
15 1440
3 100 -1
28 100 -1
20 100 -1
9 100 -1
46 100 -1
1 100 -1
75 100 -1
41 100 -1
91 100 -1
37 100 -1
7 100 -1
85 100 -1
26 100 -1
59 100 -1
76 100 -1
0 100 100 100 100 100 100 100 100 100 100 100 100 100 100 100 100
100 0 100 100 100 100 100 100 100 100 100 100 100 100 100 100 100
100 100 0 100 100 100 100 100 100 100 100 100 100 100 100 100 100
100 100 100 0 100 100 100 100 100 100 100 100 100 100 100 100 100
100 100 100 100 0 100 100 100 100 100 100 100 100 100 100 100 100
100 100 100 100 100 0 100 100 100 100 100 100 100 100 100 100 100
100 100 100 100 100 100 0 100 100 100 100 100 100 100 100 100 100
100 100 100 100 100 100 100 0 100 100 100 100 100 100 100 100 100
100 100 100 100 100 100 100 100 0 100 100 100 100 100 100 100 100
100 100 100 100 100 100 100 100 100 0 100 100 100 100 100 100 100
100 100 100 100 100 100 100 100 100 100 0 100 100 100 100 100 100
100 100 100 100 100 100 100 100 100 100 100 0 100 100 100 100 100
100 100 100 100 100 100 100 100 100 100 100 100 0 100 100 100 100
100 100 100 100 100 100 100 100 100 100 100 100 100 0 100 100 100
100 100 100 100 100 100 100 100 100 100 100 100 100 100 0 100 100
100 100 100 100 100 100 100 100 100 100 100 100 100 100 100 0 100
100 100 100 100 100 100 100 100 100 100 100 100 100 100 100 100 0
20 1440
6 100 -1
76 100 -1
39 100 -1
32 100 -1
59 100 -1
75 100 -1
66 100 -1
53 100 -1
19 100 -1
59 100 -1
100 100 -1
64 100 -1
60 100 -1
28 100 -1
93 100 -1
83 100 -1
69 100 -1
20 100 -1
53 100 -1
38 100 -1
0 100 100 100 100 100 100 100 100 100 100 100 100 100 100 100 100 100 100 100 100 100
100 0 100 100 100 100 100 100 100 100 100 100 100 100 100 100 100 100 100 100 100 100
100 100 0 100 100 100 100 100 100 100 100 100 100 100 100 100 100 100 100 100 100 100
100 100 100 0 100 100 100 100 100 100 100 100 100 100 100 100 100 100 100 100 100 100
100 100 100 100 0 100 100 100 100 100 100 100 100 100 100 100 100 100 100 100 100 100
100 100 100 100 100 0 100 100 100 100 100 100 100 100 100 100 100 100 100 100 100 100
100 100 100 100 100 100 0 100 100 100 100 100 100 100 100 100 100 100 100 100 100 100
100 100 100 100 100 100 100 0 100 100 100 100 100 100 100 100 100 100 100 100 100 100
100 100 100 100 100 100 100 100 0 100 100 100 100 100 100 100 100 100 100 100 100 100
100 100 100 100 100 100 100 100 100 0 100 100 100 100 100 100 100 100 100 100 100 100
100 100 100 100 100 100 100 100 100 100 0 100 100 100 100 100 100 100 100 100 100 100
100 100 100 100 100 100 100 100 100 100 100 0 100 100 100 100 100 100 100 100 100 100
100 100 100 100 100 100 100 100 100 100 100 100 0 100 100 100 100 100 100 100 100 100
100 100 100 100 100 100 100 100 100 100 100 100 100 0 100 100 100 100 100 100 100 100
100 100 100 100 100 100 100 100 100 100 100 100 100 100 0 100 100 100 100 100 100 100
100 100 100 100 100 100 100 100 100 100 100 100 100 100 100 0 100 100 100 100 100 100
100 100 100 100 100 100 100 100 100 100 100 100 100 100 100 100 0 100 100 100 100 100
100 100 100 100 100 100 100 100 100 100 100 100 100 100 100 100 100 0 100 100 100 100
100 100 100 100 100 100 100 100 100 100 100 100 100 100 100 100 100 100 0 100 100 100
100 100 100 100 100 100 100 100 100 100 100 100 100 100 100 100 100 100 100 0 100 100
100 100 100 100 100 100 100 100 100 100 100 100 100 100 100 100 100 100 100 100 0 100
100 100 100 100 100 100 100 100 100 100 100 100 100 100 100 100 100 100 100 100 100 0
15 1220
100 100 -1
100 100 -1
100 100 -1
100 100 -1
100 100 -1
100 100 -1
100 100 -1
100 100 -1
100 100 -1
100 100 -1
100 100 -1
100 100 -1
100 100 -1
100 100 -1
100 100 -1
0 100 100 100 100 100 100 100 100 100 100 100 100 100 100 100 100
100 0 100 100 100 100 100 100 100 100 100 100 100 100 100 100 100
100 100 0 100 100 100 100 100 100 100 100 100 100 100 100 100 100
100 100 100 0 100 100 100 100 100 100 100 100 100 100 100 100 100
100 100 100 100 0 100 100 100 100 100 100 100 100 100 100 100 100
100 100 100 100 100 0 100 100 100 100 100 100 100 100 100 100 100
100 100 100 100 100 100 0 100 100 100 100 100 100 100 100 100 100
100 100 100 100 100 100 100 0 100 100 100 100 100 100 100 100 100
100 100 100 100 100 100 100 100 0 100 100 100 100 100 100 100 100
100 100 100 100 100 100 100 100 100 0 100 100 100 100 100 100 100
100 100 100 100 100 100 100 100 100 100 0 100 100 100 100 100 100
100 100 100 100 100 100 100 100 100 100 100 0 100 100 100 100 100
100 100 100 100 100 100 100 100 100 100 100 100 0 100 100 100 100
100 100 100 100 100 100 100 100 100 100 100 100 100 0 100 100 100
100 100 100 100 100 100 100 100 100 100 100 100 100 100 0 100 100
100 100 100 100 100 100 100 100 100 100 100 100 100 100 100 0 100
100 100 100 100 100 100 100 100 100 100 100 100 100 100 100 100 0
15 1349
1 100 -1
100 100 -1
1 100 -1
100 100 -1
1 100 -1
100 100 -1
1 100 -1
100 100 -1
1 100 -1
100 100 -1
1 100 -1
100 100 -1
1 100 -1
100 100 -1
1 100 -1
0 100 100 100 100 100 100 100 100 100 100 100 100 100 100 100 100
100 0 100 100 100 100 100 100 100 100 100 100 100 100 100 100 100
100 100 0 100 100 100 100 100 100 100 100 100 100 100 100 100 100
100 100 100 0 100 100 100 100 100 100 100 100 100 100 100 100 100
100 100 100 100 0 100 100 100 100 100 100 100 100 100 100 100 100
100 100 100 100 100 0 100 100 100 100 100 100 100 100 100 100 100
100 100 100 100 100 100 0 100 100 100 100 100 100 100 100 100 100
100 100 100 100 100 100 100 0 100 100 100 100 100 100 100 100 100
100 100 100 100 100 100 100 100 0 100 100 100 100 100 100 100 100
100 100 100 100 100 100 100 100 100 0 100 100 100 100 100 100 100
100 100 100 100 100 100 100 100 100 100 0 100 100 100 100 100 100
100 100 100 100 100 100 100 100 100 100 100 0 100 100 100 100 100
100 100 100 100 100 100 100 100 100 100 100 100 0 100 100 100 100
100 100 100 100 100 100 100 100 100 100 100 100 100 0 100 100 100
100 100 100 100 100 100 100 100 100 100 100 100 100 100 0 100 100
100 100 100 100 100 100 100 100 100 100 100 100 100 100 100 0 100
100 100 100 100 100 100 100 100 100 100 100 100 100 100 100 100 0
5 1323
97 60 916
97 61 725
92 85 742
97 90 597
95 78 863
0 96 97 89 62 95 93
98 0 92 76 82 99 75
73 71 0 100 96 61 85
72 74 87 0 65 65 65
88 99 95 99 0 100 66
67 66 75 93 80 0 95
67 95 97 75 78 62 0
10 1094
94 74 -1
98 100 785
93 68 989
93 68 635
92 87 582
95 83 672
93 60 674
92 83 -1
98 91 674
96 75 672
0 90 87 70 81 87 76 85 62 63 89 88
97 0 77 68 76 91 70 63 88 76 84 83
60 68 0 60 90 82 92 72 60 84 90 90
100 83 87 0 68 79 87 86 77 98 90 98
69 74 91 77 0 87 97 65 100 95 63 76
98 70 75 78 66 0 76 98 78 74 97 70
61 73 62 61 73 72 0 71 69 100 67 67
65 86 79 84 68 81 73 0 97 60 83 77
80 88 61 72 91 65 80 63 0 63 99 71
90 70 96 81 85 92 70 99 74 0 97 71
69 63 92 89 70 73 87 73 78 88 0 85
96 97 75 94 81 62 94 85 63 98 70 0
15 1198
99 78 864
91 85 973
91 97 426
99 69 -1
95 65 569
96 100 975
95 83 466
91 81 938
93 88 412
95 95 -1
99 84 564
93 75 -1
100 76 -1
90 87 949
90 94 -1
0 63 62 66 60 66 89 67 73 68 80 82 100 79 87 61 79
70 0 79 94 73 89 70 97 73 94 90 94 73 98 77 86 62
81 63 0 100 93 81 100 67 85 98 86 73 64 86 76 64 75
72 75 78 0 79 78 94 63 75 79 83 81 66 64 74 67 98
85 64 82 83 0 95 84 69 90 65 72 86 75 62 88 66 86
68 74 63 77 73 0 99 95 62 66 67 97 85 83 92 80 67
73 84 65 92 77 68 0 73 86 98 87 88 84 71 60 79 86
90 99 74 96 63 81 84 0 62 63 75 64 95 97 88 98 73
91 65 87 91 87 83 76 95 0 81 80 80 84 85 81 68 76
94 96 97 84 61 80 77 98 68 0 100 68 99 86 64 97 67
97 96 71 72 90 69 80 87 92 63 0 63 72 69 73 99 90
67 99 69 92 72 91 92 100 94 94 88 0 100 89 91 90 81
79 100 80 80 77 90 70 80 93 79 89 89 0 83 68 93 95
82 91 87 84 71 90 100 89 64 88 61 83 83 0 80 81 97
91 88 78 100 73 86 64 88 73 64 73 65 76 97 0 95 69
96 99 84 92 83 60 82 63 94 83 69 100 89 62 60 0 93
67 91 72 79 66 66 87 71 73 60 97 91 95 61 91 64 0
20 1225
95 82 -1
94 63 509
94 79 614
90 84 588
97 89 556
95 62 -1
98 94 -1
99 85 -1
92 73 731
96 75 753
95 92 -1
95 98 829
94 69 641
95 69 934
92 93 534
92 86 450
94 97 518
94 96 929
97 98 570
94 62 544
0 60 74 98 69 69 100 94 67 64 62 62 69 94 69 66 65 81 61 84 100 85
70 0 84 85 66 93 95 63 70 88 97 83 80 75 64 72 80 87 95 86 90 90
69 81 0 83 95 62 90 86 75 66 84 73 69 94 82 73 70 90 76 75 72 64
96 68 76 0 99 75 89 90 67 87 81 70 83 67 62 67 85 77 87 70 66 76
60 72 66 77 0 63 99 79 70 80 95 79 96 84 66 73 79 83 89 79 83 78
98 61 83 63 88 0 64 95 98 99 96 68 66 80 67 94 87 71 85 94 89 80
95 91 98 92 84 87 0 83 78 100 84 84 84 88 94 86 64 85 61 78 86 77
79 85 75 78 83 97 79 0 74 87 67 80 60 90 61 94 84 86 93 60 63 78
83 67 71 61 90 63 60 63 0 76 77 75 93 65 100 90 81 71 85 83 63 75
78 100 92 78 62 89 84 94 79 0 78 74 93 77 80 61 62 93 97 73 82 71
94 80 95 86 81 66 63 98 83 67 0 65 86 98 77 95 94 68 74 74 65 90
66 72 86 79 93 71 98 68 65 88 93 0 74 92 87 67 75 70 90 71 65 99
61 98 85 92 98 85 66 63 82 89 88 66 0 82 68 100 69 73 94 74 87 87
77 65 88 85 72 89 81 74 75 100 90 81 93 0 97 67 100 66 80 98 87 97
66 90 68 99 76 81 83 88 91 90 81 94 94 85 0 95 80 98 79 99 72 64
86 63 100 97 96 94 84 63 88 77 76 73 97 81 79 0 94 99 70 62 84 62
67 88 61 90 97 94 100 81 80 94 70 94 92 60 99 84 0 64 72 82 80 64
88 68 91 85 86 64 66 88 89 84 95 75 64 91 83 82 65 0 89 69 93 85
65 64 81 80 84 84 86 71 96 62 79 65 90 80 87 68 94 74 0 97 78 85
69 95 91 75 60 96 87 80 89 98 75 76 76 61 82 73 94 97 91 0 60 65
97 100 95 85 99 68 80 84 70 64 74 72 96 62 72 62 95 94 80 74 0 71
81 64 94 70 66 75 71 80 93 65 98 79 60 66 90 82 99 63 78 72 64 0
3 352
93 82 444
92 76 436
99 62 10
0 70 66 71 97
76 0 87 66 74
62 90 0 60 94
60 68 68 0 69
83 78 83 73 0
