1061
1 2 3 4 5 6 7 8 9 10 11 12 13 14 15 16 17 18 19 20
1113
1 2 3 4 5 6 7 8 9 10 11 12 13 14 15 16 17 18 19 20
0

0

0

0

41
9
0

0

93
1
63
1 2
172
1 2 3
93
1 2 3 4
161
1 2 3 4 5
607
1 2 3 4 5 6 7 8 9 10
824
1 2 3 4 5 6 7 8 9 10 11 12 13 14 15
482
1 2 3 4 5 6 7 8 9 10
636
1 2 3 4 5 6 7 8 9 10 11 12 13 14 15
1069
1 2 3 4 5 6 7 8 9 10 11 12 13 14 15 16 17 18 19 20
432
5 7 9 12 14 15
496
2 6 11 15 16 17
500
1 2 3 4 5
600
2 4 6 8 10 12
478
1 2 3 4 5
655
1 2 3 4 5 7 8
683
1 4 5 6 7 11 13
765
1 2 5 6 7 8 9 14
93
1
