100
15 1 1 1 1 1 1 1 1 1 1 1 1 1 1 1
15 75 75 75 75 75 75 75 75 75 75 75 75 75 75 75
1 1
1 300
3 300 300 300
15 1 2 3 4 5 6 7 8 9 10 11 12 13 14 15
15 47 13 6 12 219 13 102 190 18 7 24 235 36 5 3
15 48 40 53 15 144 176 93 20 11 87 4 125 1 43 40
15 9 72 75 28 24 50 38 11 67 69 131 18 146 94 58
15 38 272 5 27 56 30 32 148 12 2 37 107 69 83 12
15 82 38 33 117 30 185 10 8 33 20 44 67 3 112 118
15 37 39 16 28 30 142 4 223 20 11 7 39 48 221 30
15 63 3 15 25 203 1 17 63 190 40 47 107 92 34 30
15 56 138 41 5 60 42 4 8 161 44 41 89 18 119 74
15 109 40 28 10 47 53 10 69 163 40 27 93 110 14 81
15 29 132 114 35 23 30 23 139 2 38 55 209 24 8 69
15 83 50 14 153 75 45 103 67 10 30 4 19 76 148 23
14 7 215 78 34 49 44 35 120 16 225 1 7 60 3
15 32 55 81 1 104 11 26 71 16 105 118 29 125 118 38
15 144 37 8 2 3 47 59 43 1 17 60 179 163 55 82
15 13 66 136 36 17 32 72 71 156 78 64 93 18 26 19
15 55 9 246 37 126 135 10 2 177 41 25 1 8 30 28
15 129 128 43 54 2 10 70 32 61 40 31 6 40 57 197
15 14 120 130 36 18 13 163 14 36 48 7 18 204 60 17
15 93 52 118 47 84 4 146 9 42 25 110 124 27 15 34
15 237 63 20 53 70 113 44 9 6 39 3 23 113 51 56
15 90 28 55 87 28 10 157 9 21 26 31 4 48 36 264
15 54 163 11 82 26 40 96 74 33 41 29 20 99 58 104
15 7 9 80 50 47 107 3 20 195 59 23 33 81 145 41
15 51 44 204 143 38 10 80 28 21 5 24 19 104 98 25
15 61 46 108 13 56 26 71 228 5 6 12 119 22 27 130
15 6 49 62 72 111 121 86 10 14 8 21 16 24 181 119
15 77 10 129 65 16 20 28 114 135 51 8 40 118 48 34
15 95 15 33 24 111 32 96 193 21 26 90 87 5 30 72
14 109 191 37 82 50 58 29 24 13 7 13 66 7 214
15 189 40 13 22 11 22 23 86 87 28 1 54 19 294 6
15 26 139 26 71 48 41 42 152 19 56 97 19 161 25 8
15 4 112 74 8 38 64 19 5 112 83 66 15 178 6 116
15 128 6 149 14 101 162 34 36 55 40 27 33 8 82 19
15 132 56 122 20 252 38 10 6 28 4 50 56 53 64 39
14 245 14 7 17 17 4 19 74 135 68 18 25 237 20
15 153 69 2 8 7 60 239 58 112 76 24 40 4 36 8
15 8 72 3 227 91 49 68 75 19 8 60 16 122 101 11
15 5 295 77 38 29 93 63 32 1 2 57 123 79 2 4
15 37 31 213 4 11 15 10 57 9 9 181 16 72 124 101
14 90 91 14 2 59 3 51 11 75 151 45 28 148 162
14 31 71 55 21 43 79 85 137 17 61 89 33 155 23
14 129 15 57 99 11 73 23 47 143 131 83 2 64 20
15 19 199 15 33 44 28 101 16 127 38 122 55 29 25 79
15 64 5 13 47 26 41 76 28 143 51 62 44 167 97 36
13 131 31 30 48 58 8 142 5 145 74 192 11 19
15 61 95 65 32 6 51 66 29 139 76 44 91 151 7 17
15 40 11 73 19 130 27 11 120 169 76 75 41 14 42 52
15 195 38 44 19 11 191 14 21 37 22 45 92 25 21 113
15 78 13 38 56 100 25 15 71 48 36 140 144 36 110 20
15 44 11 57 124 64 123 2 95 32 48 110 3 95 6 86
15 1 44 5 20 6 44 94 86 26 149 86 35 18 166 116
15 193 3 47 3 64 17 90 48 84 21 50 102 16 170 22
15 3 100 24 139 32 2 3 4 248 15 30 92 29 42 137
14 122 75 103 102 72 61 38 5 20 144 37 70 8 39
14 34 117 159 38 36 75 92 69 116 24 89 41 27 13
15 189 22 18 71 19 52 132 2 48 47 70 57 86 77 10
15 42 16 127 76 3 34 56 34 147 18 44 84 68 15 132
15 3 3 92 8 13 89 45 57 229 29 12 38 2 197 113
15 47 58 90 38 67 21 11 207 16 45 27 34 106 113 20
15 65 46 9 43 133 8 18 99 53 61 16 24 14 5 300
15 104 191 15 10 39 5 74 182 3 76 46 27 56 100 2
14 27 47 23 75 128 72 9 103 116 15 18 18 186 63
15 55 10 143 72 18 121 134 41 31 21 37 2 84 48 76
15 18 38 9 58 21 106 60 90 208 12 84 7 5 92 122
15 95 59 20 40 38 48 124 34 111 31 27 166 14 15 78
15 33 188 60 18 10 43 205 13 27 46 51 94 26 33 49
15 147 36 21 19 65 22 170 47 76 17 30 49 56 18 157
15 109 8 102 81 53 97 2 66 82 17 20 63 161 37 2
15 69 125 47 57 10 117 37 35 101 1 177 8 49 30 34
14 10 189 47 13 48 3 90 18 163 39 51 8 42 209
15 138 64 93 5 149 6 27 43 3 72 28 5 155 69 43
15 37 3 2 130 93 33 138 17 48 32 52 10 27 30 240
14 96 3 6 47 131 27 50 5 255 21 79 23 179 8
15 97 19 44 1 73 1 15 24 26 83 144 73 70 141 89
15 299 6 158 36 10 88 2 58 22 43 10 25 66 37 37
15 76 61 111 51 11 91 1 120 98 35 127 48 8 91 1
15 30 75 25 167 3 130 120 7 43 129 36 55 53 1 26
15 55 20 94 84 45 151 78 64 4 5 100 22 73 97 3
15 43 51 6 129 18 30 33 17 7 134 152 50 39 33 188
15 222 78 3 73 63 25 133 3 25 25 68 24 27 89 42
15 222 51 18 7 18 39 1 155 85 119 75 2 36 7 59
15 76 77 39 118 98 67 22 92 31 29 131 6 83 7 54
15 45 58 27 104 32 33 1 105 11 110 15 59 167 122 11
15 78 74 13 87 44 87 28 7 142 29 4 177 3 3 115
15 289 21 19 9 49 11 96 14 112 58 5 47 92 64 44
13 41 69 21 61 57 51 29 116 85 70 101 142 57
15 117 38 114 27 6 42 58 191 88 21 46 54 25 50 16
15 101 52 120 37 108 11 72 80 36 3 36 6 87 148 33
15 83 217 66 71 44 84 35 7 1 96 39 11 76 47 23
15 40 195 15 39 9 78 91 15 26 25 9 56 178 44 74
15 7 34 108 59 34 68 36 15 18 170 21 2 48 122 188
15 95 12 4 83 95 8 3 9 216 75 136 40 76 16 32
15 95 185 2 16 2 76 22 136 5 24 35 2 34 141 123
15 81 17 58 4 34 10 9 96 1 35 13 89 87 86 310
