7
3
10 3 -10 5 -9 3 -8
2 0 0 6 -4 3 -10
-7 5 0 3 -1 0 3
10 7 -6 6 -2 0 4
-4 -1 0 3 -1 -5 -6
2 1 8 6 4 0 -1
500
21 4 9 2 1 3 0
7 18 -16 21 -12 -11 -25
-24 1 -8 16 -5 -5 -2
24 -19 -23 21 -23 21 1
5 24 18 12 1 -2 0
8 -11 2 22 16 18 -19
-20 -14 15 14 0 -3 -3
19 -21 -11 18 23 -8 8
2 5 2 2 -2 4 5
17 -23 -1 23 3 1 2
-24 7 9 2 0 5 2
18 22 10 16 23 0 -22
23 -24 17 9 4 5 -2
-4 -9 21 21 -19 21 -12
23 -13 21 7 -3 2 -3
8 4 -2 5 -7 -4 19
22 20 -23 11 -5 -5 1
-9 0 -3 17 -19 22 -11
13 25 -7 12 2 2 2
-21 -20 -13 11 -20 24 -6
-12 -1 -19 7 -4 -1 0
-18 14 -4 1 9 3 -12
16 2 -4 21 -5 -5 -5
-18 -8 -12 9 -12 -5 -17
18 -3 11 5 4 3 5
-12 -3 17 5 15 -8 -7
-6 -4 7 2 -5 5 3
10 -24 4 13 11 7 7
-12 6 19 9 -3 -3 -5
4 8 -5 3 14 3 -13
-16 16 -6 2 2 -3 4
19 -8 1 6 -7 6 -2
24 -18 7 15 -3 3 -4
-11 17 3 16 24 -3 8
8 22 23 20 -2 -2 -1
19 -22 9 13 16 -17 -6
19 9 -13 9 -2 -2 5
-12 -21 -19 1 14 8 -7
24 -17 20 22 -4 -1 4
-7 6 7 4 -14 6 17
19 8 20 8 5 -2 4
-25 -10 -18 4 -12 -16 -12
3 -17 -20 11 -5 1 2
-4 1 19 10 -5 -14 6
-7 11 5 19 2 -1 1
24 -16 22 10 3 12 24
12 2 -17 1 -5 5 2
-23 -20 10 17 9 -25 -7
2 16 14 14 -4 -1 5
-24 23 -22 25 15 -20 -5
-24 -2 16 12 -3 1 5
12 -10 6 12 -17 20 -11
-18 -23 23 3 1 3 -1
18 9 21 21 -16 -12 -12
-15 0 0 14 -1 5 -3
-16 -23 21 7 -6 -6 -21
-18 -23 -9 2 -4 -2 3
20 -17 5 10 -10 9 -22
8 -4 24 20 2 -2 4
-12 17 -25 7 -23 10 -15
10 14 5 5 5 2 1
-5 0 17 14 13 -15 -18
7 -15 -12 11 -5 5 1
14 -17 7 9 -2 -10 5
-13 -18 25 14 5 1 2
4 15 1 9 -25 18 -22
-19 0 -12 16 -2 -1 2
21 -10 -3 23 9 15 -16
22 -15 -22 5 -5 -2 2
-10 25 -22 16 -5 -19 -10
-22 -8 3 22 3 -5 -2
12 -25 -11 17 15 -4 19
-18 21 19 9 4 3 0
-23 -25 20 2 14 0 -11
15 -3 20 7 -3 -2 -1
11 15 8 11 -5 -3 -4
24 -8 25 5 0 2 -2
-8 -1 10 7 -15 7 19
-10 -17 1 24 2 3 4
-23 20 -17 6 -7 25 -21
20 18 -10 22 -1 0 4
-13 -12 -6 16 -13 16 -14
23 -6 -4 4 -5 -4 2
25 -4 14 6 -14 -16 -10
-1 5 -23 17 -5 5 -3
-16 -6 7 16 -23 -4 -13
-23 2 4 20 4 5 2
-17 1 -24 1 -10 15 11
-20 -8 -1 9 -1 2 -5
2 7 15 12 13 20 9
-20 -8 25 1 -2 -4 -1
20 17 25 14 -22 -13 9
12 -11 10 9 -2 5 0
-25 12 -12 19 7 3 -20
20 8 19 16 -1 4 2
22 -23 -14 21 -15 -17 21
-14 -24 -16 19 4 -3 -1
0 12 6 15 5 10 14
2 21 -1 3 -2 2 -3
11 -17 9 1 4 25 -19
-7 19 -14 19 -4 -5 5
-19 8 21 15 23 25 21
2 -17 25 25 -4 4 -4
-9 21 13 7 -7 15 -21
8 1 -6 15 -4 -4 -1
-8 22 -5 11 -20 4 -9
5 20 -9 3 0 2 4
-7 -25 10 6 -24 9 18
-2 15 -15 21 -4 -3 4
17 22 -5 1 -4 8 4
-15 12 17 5 -3 5 -3
22 -4 -16 12 -23 -19 -23
-19 0 -5 20 1 5 -2
-5 24 25 13 6 11 12
7 21 3 21 -1 -4 4
-16 -23 6 15 -24 19 12
1 0 -18 15 5 -5 -5
21 -5 12 1 -8 17 -16
-12 -13 -7 4 -4 -1 -5
-21 -9 12 14 -7 -16 15
-15 -23 1 17 2 -3 5
2 19 21 1 22 -13 -10
-12 -3 -23 1 0 3 1
16 -15 6 3 -6 4 15
-2 -13 13 22 3 5 2
25 7 7 4 1 23 -24
20 -3 18 12 5 1 -4
-22 3 8 4 11 0 10
3 -12 6 14 5 -2 5
11 10 -10 2 -20 14 19
21 -7 14 5 1 -1 -4
-18 10 -2 2 9 18 22
21 8 -4 24 -1 5 4
-20 -21 12 24 -2 -2 -1
-25 -16 -17 2 4 -5 -3
16 -20 11 9 15 -10 -8
1 4 22 13 -1 1 1
-2 18 -16 14 12 -23 -16
-22 16 -9 13 2 -2 4
4 -7 5 1 24 -12 -4
0 10 -18 8 3 -3 -4
8 11 -4 1 -4 -17 -2
-21 11 13 20 -3 -4 3
18 -21 -16 2 15 23 -15
3 -14 12 16 2 -4 1
25 20 20 17 -4 -18 3
16 3 -8 8 -5 -4 -3
22 -14 -23 14 -12 7 5
23 1 -12 10 -1 5 5
-13 -22 -3 1 -25 -3 -2
24 -24 16 20 1 0 -5
-25 21 -9 13 -22 15 -22
18 -11 -23 22 1 -3 -2
-22 -20 24 5 22 -5 -20
8 15 18 3 5 -1 -4
-11 11 6 4 -4 -12 14
-1 -1 -15 7 4 -4 2
-20 -11 4 17 2 6 10
20 -24 -2 12 3 0 4
-15 11 -6 9 -17 -18 -13
-6 -22 -16 11 -1 -5 0
-10 22 -10 16 14 5 -6
-18 -15 -5 12 -4 -1 5
20 -11 -21 4 7 -11 -15
-22 22 2 12 4 -2 2
5 1 13 5 -5 24 -25
-14 -4 4 8 5 4 5
-24 -1 -22 2 2 15 13
-23 24 16 18 1 -1 4
23 -8 -5 15 1 -10 -4
-1 6 -15 19 5 2 1
0 -5 5 3 23 6 -10
9 -14 -12 15 0 -1 -4
5 -10 24 12 23 18 11
-17 -25 -23 16 -4 -3 -3
24 -9 -13 23 9 -4 11
4 -6 -8 16 2 2 2
3 17 3 1 -22 -14 -14
18 -22 18 4 0 -3 -1
16 5 10 1 -17 -18 -12
-8 -19 20 22 0 -1 2
-18 23 11 19 -21 6 20
-10 -24 6 25 -1 0 -4
-3 -6 -25 7 -22 -21 -16
-7 -7 -1 7 2 0 4
13 9 24 18 -25 22 21
14 8 -15 1 2 4 -3
24 -5 16 23 13 -5 12
-15 -3 19 4 5 0 -1
24 18 18 1 -1 3 11
-3 23 -9 17 4 -4 -1
-11 -25 12 22 22 13 6
-6 16 14 17 3 3 1
21 23 -7 15 -13 -14 1
11 20 16 9 -5 0 1
-20 -13 -21 20 12 -11 -22
-13 4 -12 4 -5 -2 1
19 -24 3 2 4 20 2
-18 -15 25 14 5 2 2
5 -16 1 5 11 -1 -25
20 6 -18 11 -4 -4 3
4 18 19 2 -12 -1 10
11 10 -10 23 -2 3 0
-15 -23 19 24 -12 -23 24
-2 7 24 3 4 4 5
-6 -9 4 7 1 -7 -5
13 -19 -21 15 3 -4 -1
-11 23 -14 9 -7 16 -20
17 -4 -24 4 0 -4 -2
-4 -16 11 4 -14 -3 -14
3 21 3 19 5 2 -2
1 -23 11 21 -8 -14 -11
-10 6 19 3 0 5 0
-12 21 6 1 18 7 -7
-25 -19 25 21 1 1 -4
-7 20 -17 23 -14 -9 -2
-6 19 -14 5 1 -4 -5
6 -22 -18 12 -9 -6 -11
-16 4 -19 23 5 5 4
-3 -19 25 24 4 18 -1
-5 9 2 12 -1 3 -3
19 -22 1 14 -19 2 3
-22 -20 19 7 -2 -1 -1
8 14 11 23 7 23 -17
-19 -9 -9 3 0 -2 -4
23 -18 -24 2 4 21 -19
-7 24 18 22 1 2 1
23 14 -18 11 5 15 -24
21 0 -21 5 1 -2 4
-21 -22 15 25 -17 15 22
10 6 5 1 -5 -5 -3
12 -18 -13 12 -1 1 21
1 20 24 16 2 5 4
23 14 5 10 0 20 -20
13 -8 -24 12 0 1 5
-19 -22 15 15 0 -10 -20
-3 8 -25 23 0 1 0
7 -3 17 19 -12 1 -19
12 -14 12 12 4 -1 1
11 5 -16 7 -13 15 -14
-2 -17 -14 13 -1 -4 3
10 10 -6 3 19 -2 16
-13 -10 19 14 -1 3 2
22 4 -10 18 -4 -21 -22
7 25 -17 20 2 -4 -4
17 1 -4 2 17 -1 17
8 0 -19 21 2 -5 4
-10 -11 17 7 17 -14 24
12 -24 -21 8 -5 -3 -1
-10 -24 -13 2 9 2 23
-9 5 -16 11 2 4 -3
3 -4 -20 2 24 11 -7
-1 18 -1 1 4 5 -3
17 19 0 6 25 7 20
14 -18 23 19 -4 2 -3
-1 17 25 14 -20 -25 10
-7 25 15 6 -1 -3 2
-15 -17 -10 14 17 -11 -22
-17 13 -6 24 -5 3 -2
5 5 15 5 -18 14 -18
-22 13 -19 12 -5 5 -1
22 -10 1 10 -22 -14 9
6 -11 -14 11 -4 3 -4
-20 -17 25 5 -7 14 -24
-10 -12 -13 8 -3 -3 2
22 21 4 14 7 1 -5
5 22 17 2 2 4 -5
-14 -8 -6 15 9 10 -17
-23 -12 -16 8 0 1 -4
20 -2 -3 17 -11 -20 -7
-18 25 22 1 1 1 -3
25 -12 5 9 13 -16 -23
5 -8 -18 7 4 0 1
-2 8 -17 10 -9 -21 25
10 24 10 9 -5 2 1
-15 -4 16 3 1 -6 -24
-1 -25 -3 10 -3 -5 5
18 10 -5 2 23 25 16
20 1 -4 10 3 0 0
-24 -25 -20 15 17 -8 -1
22 6 -18 1 3 -2 -3
-14 -11 -7 21 -19 -25 9
14 -22 9 25 -1 -3 -3
2 11 -5 5 14 6 20
-18 -22 -18 2 1 -5 1
-19 -13 23 10 9 -11 10
15 21 22 19 3 1 -4
25 -12 -3 19 -5 -12 -25
-23 8 -16 19 -2 1 1
5 12 -2 3 -16 5 -10
25 -1 2 5 -4 4 5
22 23 15 2 11 -21 -14
-24 24 -8 2 -3 1 -4
-25 -17 -20 9 5 1 3
23 -24 24 16 -5 2 3
-10 -25 5 20 -20 -13 9
24 22 -21 18 -2 -1 2
-15 -5 -23 13 22 -17 -22
-13 3 14 25 -1 3 -3
-6 17 -17 9 -20 -23 -3
1 -12 25 8 2 1 -2
-9 -14 -17 9 22 6 -16
-4 14 -5 4 0 4 -4
-11 -1 -7 10 17 15 2
10 -6 23 18 2 0 -1
15 1 -15 4 -3 -23 17
21 -20 -22 14 -5 5 3
2 -24 -1 3 19 -21 7
-8 -24 4 4 -1 3 1
10 -1 25 15 15 25 -12
15 -25 -23 9 -4 3 5
-21 23 25 13 -5 -3 1
6 25 21 1 -2 -3 -5
-7 -10 13 17 15 -17 -14
-10 12 -24 11 1 4 -3
-15 17 -10 4 14 1 -12
10 -20 25 4 5 5 3
17 -24 -15 7 -15 -13 17
25 -3 11 13 3 -1 0
15 25 13 10 -13 4 -22
-10 24 -25 2 -1 4 -1
1 -20 -21 25 -10 14 -12
15 -19 6 22 3 3 -3
16 25 -9 2 -14 -15 0
4 -21 6 20 -2 -2 -1
-20 -5 8 4 15 -7 4
21 -11 2 10 2 -5 -2
-22 -11 -17 16 9 16 -24
8 0 4 12 4 -4 2
-20 19 10 17 -17 -19 5
10 24 -9 7 -4 -5 1
21 3 -23 12 4 -22 18
-22 -14 -7 10 1 -1 2
5 11 -9 19 11 -7 -21
-24 2 -15 4 -4 1 2
-19 -16 -21 11 14 -6 -24
-12 -17 -19 23 0 4 5
-23 1 22 19 2 23 23
14 16 -8 16 2 3 -4
3 -6 11 11 -22 -11 -8
-16 21 13 22 5 1 0
7 -11 4 17 -23 -18 1
-19 5 -6 5 -3 -1 3
-4 -12 -13 7 7 -21 0
16 17 -21 4 -3 1 -2
-21 -6 20 1 -11 9 -13
-12 -15 5 1 -2 -2 -4
-7 -25 -19 14 10 24 1
6 5 -19 5 5 2 -1
24 -19 17 22 15 2 20
14 -2 1 3 -1 -3 1
16 8 -21 15 -9 1 5
-1 -15 5 8 -4 -2 2
5 -10 15 3 11 -3 3
-17 25 -10 4 -5 5 4
-11 5 19 24 25 17 -15
-18 -12 4 4 -4 3 1
-13 15 -11 12 14 12 -7
-25 12 9 12 -1 -2 2
19 9 -22 11 1 4 5
20 13 -13 17 -1 -2 3
-18 11 10 11 -11 -2 -10
-20 22 14 11 -1 0 -1
16 9 -25 17 14 -18 -10
20 12 -24 11 -3 5 -3
13 23 20 14 5 -11 12
-19 18 -7 5 0 3 5
5 3 4 21 -7 -12 -24
-6 6 -8 1 -4 -1 2
-19 10 -11 12 15 -8 -18
7 -4 16 20 -1 2 -2
2 25 -16 5 -22 5 -24
12 -11 -1 12 0 -3 2
-17 -13 -16 5 -13 -21 5
-14 25 -5 6 -4 3 -4
2 -7 -8 10 23 6 18
25 21 14 23 4 1 5
-13 -19 23 23 19 -25 -12
19 8 -22 8 -1 -4 -5
-25 -7 -24 19 -12 11 -14
-17 3 -25 24 -5 -5 -3
18 -6 21 18 11 -21 24
-19 -3 10 9 0 4 -1
-3 22 -25 14 -2 -3 1
-4 23 -12 3 -5 3 -1
-16 -9 -20 3 -23 20 -25
-2 22 -19 4 -1 5 0
-3 -10 3 11 23 17 -18
-6 9 -7 14 2 -1 0
-13 -18 0 13 20 16 -10
8 -12 -12 1 4 4 5
14 -12 6 14 25 -25 -13
-4 -4 -11 21 2 5 -3
23 -8 24 6 -22 -8 5
-17 -11 6 7 -5 1 0
2 19 18 23 21 -21 3
-3 10 -24 3 0 4 4
-14 12 6 16 19 -24 -5
-25 15 -11 3 -1 -5 -4
-9 2 -14 6 -13 -5 -16
-24 -19 22 2 0 4 -4
12 0 -15 20 -18 -3 -13
1 23 0 2 -2 -2 -3
-1 -25 -17 4 -12 20 -11
6 -1 8 14 5 4 0
-6 -20 -17 19 -4 23 17
-17 14 19 2 2 -1 1
0 -1 -21 14 -16 -12 9
-25 4 10 13 2 0 3
-18 11 -15 3 -20 -4 8
7 12 -15 2 5 3 3
-19 8 15 16 -22 1 0
8 8 -11 1 3 0 -3
-21 17 -23 23 5 21 0
-15 16 -19 24 -5 2 2
22 -6 19 1 12 -14 19
-23 -20 9 17 -2 1 -1
1 15 25 6 -22 8 0
-22 16 -20 1 -1 1 0
2 -14 2 7 -16 22 6
-9 -2 -25 14 -3 -2 1
17 16 12 16 -14 3 -8
-3 16 -15 3 2 -4 2
-18 -14 0 5 16 -6 21
20 17 -21 17 -3 1 0
2 -15 2 12 -16 13 0
8 3 -2 15 3 1 2
-4 -7 20 2 -10 -10 -5
-17 6 11 10 2 1 1
-1 -25 5 9 -16 -17 -14
-2 -18 -10 9 -3 4 4
-17 15 16 19 8 7 -12
1 16 14 15 -2 -2 4
-2 1 -19 6 21 -1 0
-23 -22 21 8 -1 -3 -3
15 -11 -10 23 -21 -9 4
-24 -4 11 14 -3 -3 0
25 -5 -21 23 -1 14 -2
4 -13 -7 14 -3 1 -3
-11 25 13 17 14 16 -1
-24 -8 5 8 1 1 5
11 18 -4 3 -10 6 -24
22 24 3 10 -4 1 2
-6 16 -11 12 -18 13 2
17 -15 -11 7 -1 4 -3
-13 18 19 14 3 22 25
-3 18 -4 25 -3 4 1
22 24 21 9 -17 12 17
-9 -17 -19 18 2 -4 3
-10 14 11 11 9 -22 18
21 -19 5 9 4 1 -3
-20 2 9 2 -19 19 24
-3 12 -20 18 -4 1 2
24 -1 10 13 8 -25 7
-17 -10 24 18 -1 5 1
-12 -11 -9 4 20 21 -24
6 25 2 20 0 -4 -1
-16 -16 13 25 22 -9 25
-10 -15 -5 1 -2 -2 -4
-19 -24 15 14 23 -12 -22
-25 -10 -20 10 -1 1 -1
-10 20 24 8 -19 -1 2
13 -22 13 3 -1 1 4
-5 -7 -15 21 -12 -24 -4
-20 -3 -23 8 1 4 -3
-18 -17 23 6 -12 0 1
1 18 4 7 1 -5 -1
-14 19 10 7 5 -4 -21
25 -20 -22 8 5 1 -3
25 7 10 6 -9 -24 11
-3 -10 8 5 5 5 4
-11 20 25 25 -18 6 -14
8 -25 3 7 0 -3 2
-3 -7 1 10 3 -19 4
24 -23 0 5 -5 -1 1
18 -6 5 13 -8 -22 -16
2 -3 14 5 2 3 4
-12 -22 10 9 25 11 0
20 14 -7 8 0 1 3
-7 0 0 18 23 14 -5
11 -9 -15 10 -2 3 4
-10 14 -13 15 -12 8 17
4 -3 -8 9 4 -1 4
-7 9 -22 5 16 19 -14
1 0 1 13 4 -4 4
8 3 -25 8 5 5 -19
-17 -25 22 10 2 -4 0
-15 -8 0 11 5 -9 16
-24 14 3 2 -5 1 -3
20 -6 2 23 9 12 -6
-19 -13 -20 1 5 4 -1
-1 25 7 25 14 15 -9
4 19 -22 20 -2 -4 2
18 -6 -7 4 -10 -11 -2
-10 5 24 14 -1 2 -1
-15 -18 -4 19 25 -1 7
-11 -7 25 12 -1 4 -2
-13 -2 -19 24 8 -13 -4
-23 12 -13 16 4 -1 4
0 6 6 2 8 18 -14
16 -2 -17 2 -1 3 0
20 22 -18 11 10 7 -2
-24 20 24 23 -2 2 3
20 19 22 7 11 23 -8
15 22 21 20 5 -5 -4
-2 15 -13 13 11 -22 -21
-2 -10 20 10 0 -3 4
6 15 22 6 25 -16 -23
8 -7 -13 6 4 5 2
-15 20 21 12 -3 11 11
19 -13 20 25 1 -5 3
-4 -16 -25 1 -25 -14 20
7 -20 -7 8 -1 0 -3
-17 -16 -20 11 -8 11 -15
3 6 -3 8 5 1 2
-25 -16 -9 7 -21 12 -5
22 12 3 21 -4 -5 5
-2 -16 -20 8 14 -24 16
-11 1 20 11 -5 3 -3
6 18 8 6 -9 -16 -20
-4 21 5 25 5 -4 2
-17 -24 -2 8 14 -17 -14
-7 17 21 11 -5 -2 3
13 -21 19 24 -15 13 -24
11 13 -21 18 2 0 0
17 0 -2 3 -21 17 4
-7 17 2 17 4 2 3
-6 19 -25 1 13 -16 -24
13 21 25 23 -3 0 5
-16 -11 -24 25 -19 8 -11
4 -11 -15 20 -5 -1 0
-11 12 21 25 -12 17 -15
20 -11 -14 7 5 2 4
24 25 6 13 -2 -3 8
13 -3 20 13 5 5 -3
9 3 -17 7 -20 -22 21
-25 -7 8 10 -5 -5 5
4 1 -7 20 24 -13 -19
-5 14 -24 1 5 3 4
-8 -24 22 6 -19 3 -12
24 12 -18 8 -3 1 -3
-21 -20 19 6 2 -21 20
-12 -13 22 17 -4 2 -3
9 -8 -12 11 -7 -15 3
-6 24 -20 10 -2 4 -2
22 8 -21 20 10 3 -7
-24 16 24 11 -1 -4 -3
4 16 20 4 23 -1 0
7 22 -23 1 4 1 -4
-6 -9 -15 19 3 -22 13
-3 21 16 18 -4 -2 -4
14 -24 21 12 10 -16 -9
5 -10 20 1 3 -3 3
-18 -5 5 9 -9 -21 22
-10 -5 24 16 4 -5 0
-8 -10 -20 16 12 -14 16
-25 1 15 16 -4 2 -3
18 7 -2 8 19 13 -15
-6 -10 -12 6 4 0 0
-24 5 -14 14 -8 -5 24
23 20 2 2 3 2 4
12 23 8 1 -20 8 -19
-24 -7 24 14 0 1 2
-15 18 21 8 6 6 -1
-10 9 -3 2 -4 -2 -4
-1 20 -9 13 -12 -13 -22
18 2 20 22 -3 2 2
-5 -16 -23 5 -11 25 -6
-12 -4 7 5 2 -1 4
5 -24 18 15 -11 16 3
-1 8 -13 7 5 -3 -1
-16 20 -8 4 -11 -12 12
19 8 -2 8 2 4 -5
-22 1 -23 12 4 -19 7
1 -24 -25 8 4 3 5
24 20 13 24 -4 -2 -8
24 7 -21 15 5 0 5
-15 -21 -3 1 -15 10 -24
9 0 -4 6 3 -1 3
10 -21 1 10 -8 -1 18
6 -7 19 10 -5 5 -1
-21 0 25 13 7 11 -5
0 -19 -18 5 -2 -5 -5
7 -19 15 15 -4 -13 6
25 8 13 2 2 -4 2
-5 9 -12 23 0 -16 5
24 -19 -3 5 0 3 4
-25 -22 -5 23 9 17 24
6 22 19 19 0 -4 5
-18 -9 -1 3 13 11 6
0 7 0 10 1 -5 -1
-20 -9 -22 11 23 17 20
12 -18 10 10 -2 3 -3
-9 25 6 10 7 -14 -25
25 13 -22 2 -3 1 4
0 -3 -18 21 -9 -23 19
-24 -15 3 4 -3 1 0
19 -18 -16 17 -7 -4 23
-14 21 4 22 -3 1 -1
3 -14 6 11 -13 6 -20
-5 8 19 6 -1 -3 -1
-24 19 -22 15 18 6 -22
17 -8 -11 15 -3 0 -1
-24 16 -13 1 16 24 -24
20 -20 -20 23 1 2 -1
-3 15 21 19 -7 -25 1
4 4 7 24 -3 5 -1
3 -20 -13 4 -9 -15 -1
0 -24 -16 2 0 0 -1
-7 16 0 25 -9 3 24
-15 25 -8 22 -5 -3 -5
22 -21 19 2 -12 -23 -4
-21 -22 18 13 1 1 -2
-14 -15 -23 17 25 -10 11
-1 -22 -25 16 -3 0 -5
21 -22 1 13 24 19 23
6 6 -2 4 -4 5 1
-22 -5 3 22 1 -14 11
-5 24 -13 7 4 1 5
3 21 16 23 -11 -11 5
11 5 4 11 0 2 -1
-10 14 -7 14 -25 11 3
9 -6 -6 16 -1 2 5
-21 -24 -25 23 19 3 9
7 -12 11 15 -3 5 2
-6 16 3 8 0 -23 -4
-16 1 25 8 -4 -3 1
-19 14 -13 12 -3 13 -10
24 -5 14 20 -2 -2 1
-25 18 23 1 -13 1 6
-24 14 -5 14 3 -4 3
-25 -21 -15 1 4 -13 -11
24 1 -17 2 -5 5 1
-3 -9 -13 7 19 -22 -4
13 -16 12 25 -1 2 -3
-5 8 4 4 -8 -19 13
3 7 -3 2 3 4 1
7 -11 -6 5 16 -15 13
0 -19 -14 22 2 -1 -1
-24 20 -20 23 6 -3 24
-21 8 6 23 0 3 0
14 25 -22 14 -13 10 -22
-1 18 0 3 5 -1 -2
11 -8 6 22 -15 -16 3
7 12 -2 15 -4 4 3
19 18 -24 5 11 16 -5
21 -5 -5 22 -1 -2 3
-22 -5 19 23 -22 21 4
16 7 0 20 -1 -2 -1
-22 -21 16 6 -6 -6 7
-16 23 -11 14 -4 5 5
-12 -20 -20 20 11 24 -19
-19 2 -25 11 -2 2 -5
4 16 16 7 -13 -15 20
-15 -5 -12 18 0 3 2
-10 16 -25 1 -13 -1 21
6 -5 23 9 5 -3 4
23 4 -11 20 1 2 -9
8 -1 3 6 3 -3 3
12 14 -16 12 -3 16 -8
-2 -4 20 3 3 5 4
-16 -12 -14 1 -1 -24 -3
-19 7 -11 12 0 -4 -4
17 -11 -15 21 18 -19 -25
22 23 5 3 -2 -3 -5
5 19 -3 5 25 -10 -19
3 3 19 18 -5 1 0
-14 -14 -8 4 -14 20 17
15 2 20 1 -3 -4 -5
20 -21 -21 18 -2 -10 2
14 7 -20 24 0 -5 -2
-15 4 22 13 -19 -9 -14
-20 -14 19 11 -1 -1 0
18 18 -20 25 6 -23 -7
23 -2 -12 5 1 -2 -4
-9 0 -23 22 2 20 0
7 -21 4 11 4 2 -3
8 -18 21 2 -11 11 -22
-24 -4 -9 17 0 -5 2
14 0 13 15 11 4 -24
21 11 20 7 2 5 4
-8 1 -5 20 -25 -19 -13
-17 -5 -4 3 5 3 2
-6 22 7 9 3 -3 -5
20 -24 5 9 1 4 -2
-12 3 4 14 25 -3 -14
7 2 5 9 1 1 -1
-18 12 -8 2 -11 2 -15
12 -12 -24 14 5 -1 2
14 -21 1 8 4 12 5
-16 -2 11 15 4 -5 2
14 -7 24 5 9 7 -22
-13 12 8 8 4 -4 5
-13 -8 -22 6 -15 0 -19
-15 -2 24 24 -2 4 1
-1 25 -12 1 -25 13 -15
14 3 18 11 3 2 1
-9 -5 -13 4 -3 0 10
8 -7 20 3 1 -5 0
-24 23 -15 19 21 -15 17
18 -13 24 21 -1 4 0
-12 -10 -15 24 23 20 20
14 -14 0 16 3 5 -3
17 7 -19 3 18 0 15
-4 -3 -25 12 -5 0 0
17 -14 -17 4 -11 18 8
5 10 -24 23 4 -5 -4
2 -11 2 1 23 -2 -7
7 14 16 16 -2 -5 -4
-8 -13 -13 17 9 -14 -21
20 -12 23 3 2 4 -2
-11 13 24 9 11 -3 16
-16 -3 21 18 -4 -1 5
17 7 -2 18 5 -8 10
-18 13 14 8 -3 2 4
-13 13 -23 11 16 21 -9
1 22 0 9 2 -1 3
6 -12 -13 15 3 -21 8
13 -22 -11 14 1 -1 -3
20 25 25 25 13 -23 -16
23 23 -6 15 -4 -2 1
13 -25 18 18 -16 9 17
21 -11 -19 10 4 -3 -2
-23 6 -18 19 1 3 -25
-15 -17 -6 1 3 -5 0
-7 12 22 3 -18 1 16
-21 -17 -13 12 1 0 5
22 -7 11 17 -9 -18 1
18 -16 -12 14 3 -4 2
-21 -4 6 14 -18 -20 23
21 -12 4 10 1 1 3
3 19 -3 7 -21 17 -5
-20 -3 7 21 -4 3 -5
23 -21 2 8 4 -3 17
-6 15 15 2 4 3 0
-11 -15 0 24 0 -10 -22
-23 12 -15 7 -3 4 0
-21 -20 -8 15 21 25 11
-7 -16 -9 6 5 -3 0
11 -9 24 8 9 6 8
8 -20 -21 6 -1 -5 0
7 12 -3 6 24 -13 7
-18 -20 6 6 1 -4 -1
-6 -22 -23 6 -15 6 24
18 16 -4 9 5 -4 -3
-14 7 4 13 7 24 0
-18 -23 22 23 3 5 4
-16 4 -21 14 -23 4 1
-3 -4 -24 5 2 5 2
-24 -7 -25 7 24 -25 -6
5 16 -23 19 -4 -1 4
18 23 17 15 -13 17 -9
3 -22 18 11 3 -3 -2
-25 -24 -24 18 -16 -2 -21
24 5 23 9 -3 4 0
-11 23 -9 19 17 12 -17
-12 4 3 8 0 -5 -1
12 -11 19 4 -23 17 4
12 -6 -19 6 -1 -3 -1
4 17 3 3 25 -20 7
19 -18 4 22 0 3 3
-22 -12 -18 13 14 14 -11
-13 -23 -17 9 -2 2 -1
17 14 -19 15 -19 18 -5
25 -4 0 7 -1 -1 -5
13 14 18 9 -21 19 -24
5 -10 -5 1 -5 5 -3
24 12 6 10 -6 -12 -25
6 -25 -10 23 1 -2 5
8 9 14 10 -17 4 -9
-10 0 22 7 -1 2 0
-10 17 25 8 -11 3 22
-10 23 23 19 -5 -2 -3
18 24 -21 7 -4 19 -11
-11 21 -20 2 1 1 0
9 -14 -20 21 -19 -3 0
3 -8 -21 12 -4 3 1
11 -15 4 2 -8 -3 4
-15 11 3 6 -4 2 -4
10 -10 -12 2 11 1 -4
-9 5 23 19 -2 0 3
-18 -10 -15 4 -25 -24 -22
0 11 -10 15 3 4 -5
23 -18 -23 10 -1 -6 13
-3 -5 3 16 3 -2 3
22 0 -15 14 8 -8 19
-2 22 14 19 4 0 0
22 -8 -8 7 -21 -3 -7
21 22 -7 14 1 -2 4
-14 14 -7 7 -22 3 25
11 10 -5 4 -5 -4 -5
10 -9 7 2 20 -14 -3
-12 -17 -24 14 4 -3 -3
13 11 -25 7 -8 -16 1
-22 -24 -5 24 -1 5 -3
19 1 7 10 21 -6 -17
-17 24 20 19 -2 5 1
-6 -9 -13 7 -11 2 15
-5 5 -2 5 -2 4 -3
-2 -3 -25 12 6 -10 -25
2 -14 1 12 1 1 -4
-6 -19 21 9 14 9 -2
-5 -5 18 7 -1 1 1
23 -17 -24 24 21 -14 17
2 18 -9 14 -2 1 -1
-23 -17 15 19 9 -14 -14
-2 24 1 22 1 2 4
19 16 -25 8 23 -15 -14
-14 0 14 8 -4 4 -4
0 24 -13 21 0 7 0
-21 -20 13 20 -2 -2 -1
18 12 3 21 15 -23 24
10 11 -12 14 3 -1 -2
-11 21 14 19 -6 -3 -24
21 4 23 2 -5 0 1
-23 -17 -14 9 7 -11 -23
-25 24 11 5 -1 -4 5
22 11 15 3 -17 15 -3
16 1 13 3 -5 -1 3
4 -15 -13 2 16 -23 -14
-19 9 -20 13 -5 -1 2
-12 -5 0 11 -6 -25 -23
-20 -15 -25 14 5 3 5
-19 10 -17 11 11 -12 21
16 23 15 13 -5 -2 -3
-17 24 0 2 -5 12 -10
-18 -15 -3 4 5 -3 2
20 15 6 4 -23 -18 4
13 10 19 14 2 -5 -3
9 -19 -12 13 -6 -22 16
7 -20 6 1 4 3 -2
1 -20 5 4 -3 -22 -1
-14 -20 0 12 5 -1 4
12 -9 4 13 -9 16 23
17 14 23 18 4 -5 -3
-23 -7 19 19 12 13 17
-9 1 -22 4 2 -4 3
17 8 -24 5 -3 24 -6
-22 11 14 9 -2 2 -3
-1 8 -5 4 7 -2 21
-24 24 24 12 3 -2 5
14 24 20 6 -21 3 17
3 19 24 4 5 3 2
9 9 -12 13 -13 16 22
17 2 14 10 -5 1 -5
-23 -11 -4 8 -20 -24 -24
10 -21 -17 13 -1 -3 -1
-15 18 -14 15 18 12 3
-13 6 11 25 -4 -4 2
25 -15 8 6 -19 11 -3
-23 -12 17 4 4 0 3
13 -8 -10 9 24 0 -15
-15 0 -16 17 1 2 -4
-11 0 22 20 14 1 -2
-23 -9 -22 10 1 0 3
-5 -12 16 7 -14 -3 22
13 0 -20 14 -3 2 -4
11 25 25 25 11 2 -18
-25 4 1 25 4 4 -5
8 -10 11 12 7 -17 1
-18 -25 21 8 5 3 2
0 -23 18 6 21 11 3
15 13 21 24 5 5 2
7 -18 -14 14 19 14 19
3 -12 23 17 0 1 -5
-19 4 -25 6 -7 -19 1
-21 -10 -7 15 1 -4 0
-24 20 -14 13 -17 -22 -20
2 -7 -2 11 0 -1 -4
23 -14 -25 16 10 23 -16
14 14 9 13 -5 4 -2
2 -14 -7 18 -16 -15 -19
-19 -13 -6 3 4 -5 2
25 -23 -7 11 -5 -24 -7
-19 -21 -16 23 3 1 4
4 8 9 1 6 16 -21
8 -23 10 10 0 -3 3
-7 -17 -23 9 -10 14 23
17 -5 -11 14 -4 1 -1
3 19 -14 3 13 4 -2
16 25 -6 6 -2 -5 -3
-15 -1 -23 6 -9 -10 -7
-10 12 -25 6 -5 -4 2
18 -6 -20 2 -19 -16 20
9 -11 16 3 -3 -4 5
-3 -9 -16 9 -16 2 -19
23 13 -6 21 3 1 -5
-8 -5 22 18 4 -10 18
9 18 21 4 3 4 -3
-18 -1 8 17 10 4 12
1 -5 -20 7 1 -4 4
7 -13 9 21 11 -3 -1
-2 19 -9 12 -2 -3 -1
16 -17 17 16 -4 0 -5
-20 14 -5 12 3 1 3
22 -8 7 23 -1 2 10
20 -10 6 5 -1 -4 -1
4 -19 -17 11 -15 13 15
25 3 21 18 1 4 2
5 5 -18 21 -24 13 10
-3 -2 -13 20 -2 -3 0
-17 -1 11 4 -3 4 19
-5 -12 -13 21 1 5 1
17 -25 8 9 -21 -3 20
23 -11 -10 5 1 5 -4
-11 8 -7 23 12 19 -11
13 10 -9 6 -4 3 -2
-1 25 -22 8 -17 0 10
-10 -22 7 12 2 -4 -1
-1 -3 -6 3 -20 23 -3
17 24 1 13 -2 4 -1
-6 -15 -1 1 25 -18 -20
-12 8 -4 2 4 -2 -2
4 -13 -7 2 4 -13 -2
-21 -8 -17 6 -4 3 -5
9 6 10 6 -17 -20 18
-16 -16 17 4 2 3 -5
-16 16 -25 23 16 -20 5
0 19 -16 3 -4 -4 1
-2 -20 -21 12 -1 -18 -19
-25 -1 17 15 4 -4 -3
-6 2 4 5 -1 -14 16
1 18 10 8 -4 5 1
-15 -10 19 8 -19 13 24
22 23 -25 21 -2 5 1
-25 0 -23 15 23 22 13
-16 25 18 22 5 -3 2
4 23 -18 7 5 -3 -1
-21 19 10 7 4 -2 5
9 -23 -19 16 -19 12 -19
-22 8 -25 16 -4 4 -4
14 16 25 17 24 11 -1
4 9 -1 15 -5 -1 4
-24 16 -7 9 -13 -4 22
-25 -21 0 15 0 1 -1
-21 9 -15 17 -5 21 -12
-20 -15 23 16 2 -1 4
-1 21 -16 22 -1 22 11
-8 6 7 15 -1 4 0
18 12 -10 14 1 -4 -7
22 6 -3 11 1 3 5
-11 -25 5 1 -9 -4 9
13 23 -18 16 0 3 -2
0 -1 17 4 -3 23 25
5 19 16 19 -5 -5 0
-25 -1 19 9 -11 16 -3
-2 -25 -14 4 -1 -2 -1
14 -10 -14 1 4 13 0
20 7 24 8 5 1 0
5 -11 25 8 -20 -12 9
9 1 17 18 -3 -3 -3
10 -23 -5 8 2 -9 -5
-15 8 9 19 -3 0 3
-24 -23 12 4 23 -11 15
-22 23 11 19 3 1 -1
-4 -17 25 20 22 -24 9
-5 -2 24 10 -5 1 2
-18 -3 -17 23 -21 21 14
20 10 15 6 3 3 0
-2 -8 2 18 -6 -15 -25
-3 6 15 19 -1 -2 1
-22 11 -6 4 8 -9 -15
24 19 -16 6 5 0 -1
-19 20 -20 24 22 21 -17
-12 16 18 12 -1 -2 1
-22 13 1 4 -9 12 -24
-25 21 14 20 -5 2 -5
-7 -3 -21 19 -11 0 -25
-5 24 -7 20 -1 -1 -1
-22 -8 12 17 -24 -16 1
-12 -22 10 9 -5 2 -5
8 7 -25 6 -25 23 -6
6 -7 7 1 -2 -1 3
-11 25 1 8 -5 -21 -16
-11 20 -24 20 -2 -4 -1
-15 -9 17 4 11 -10 21
22 -5 -20 24 -5 -3 3
-11 22 -6 18 22 -16 11
-9 8 23 20 -2 1 3
15 -18 -11 1 -11 20 8
18 5 18 11 -2 5 -2
-4 -12 7 14 -22 -13 -1
24 1 12 2 5 0 2
12 10 16 9 -10 10 -5
-6 -6 8 9 -1 -3 5
15 5 21 16 -17 -9 -19
20 -14 -8 2 5 -4 -5
-25 -18 -22 23 -16 -14 -25
-19 -6 24 19 5 3 3
8 -15 -3 3 -7 24 4
1 -17 -12 2 -4 4 -2
6 17 -4 1 -20 3 15
0 -15 13 22 3 -4 1
2 25 -18 23 -4 15 -5
0 13 21 16 -2 1 5
7 5 -16 8 -18 1 10
0 9 5 13 -5 0 -1
3 18 -18 11 -21 -9 -8
13 -24 25 9 1 -2 3
-1 10 -1 20 8 -9 -9
100
-21 20 11 11 0 3 -2
8 -22 -20 12 0 -27 18
12 -18 25 11 -3 -5 5
-1 21 4 20 39 65 -65
0 21 -14 3 -4 2 -3
-2 -17 -3 3 96 -48 72
12 -23 -10 13 2 1 3
10 7 -19 15 4 2 6
-17 -5 3 10 1 -2 -1
-17 -6 24 4 -33 66 33
17 -18 -9 24 0 1 3
-9 -14 -2 1 0 -20 -60
11 -4 -19 23 -5 0 3
11 20 19 18 -90 0 54
6 -9 -6 21 1 3 2
-14 25 8 4 8 24 16
-12 14 4 1 -5 3 -3
1 22 -14 5 -70 42 -42
-19 18 12 14 1 3 -3
14 3 -2 8 -18 -54 54
19 16 -6 11 -2 -4 -1
2 3 13 11 -18 -36 -9
-18 4 5 7 -5 0 1
-5 -20 15 7 -60 0 12
10 -4 -20 23 4 2 2
14 -16 17 1 -92 -46 -46
14 9 -14 10 -3 -5 5
-7 0 12 16 30 50 -50
-16 -13 8 11 2 -5 -4
5 10 7 13 -16 40 32
-6 -18 -25 14 4 -3 5
-15 10 -2 23 72 -54 90
-25 25 13 1 -4 3 5
-15 -21 25 17 -40 30 50
25 -9 -18 13 -3 2 -5
-5 19 23 2 24 -16 40
-21 11 23 17 -4 -5 -4
-8 12 -18 13 -72 -90 -72
7 5 -2 9 2 -1 -4
-24 1 -23 4 -20 10 40
-13 -22 3 22 3 -5 4
10 7 9 15 21 -35 28
20 -15 13 14 -5 3 -5
17 16 -3 1 90 -54 90
22 21 -19 7 -1 1 -3
-3 6 9 15 9 -9 27
0 4 24 3 0 0 -5
13 -10 -2 17 0 0 -75
11 8 -12 12 5 2 2
16 -20 13 22 35 14 14
-16 13 -8 4 -5 3 -1
-24 -15 21 12 -25 15 -5
-19 19 22 13 3 4 2
22 18 16 5 24 32 16
8 -2 24 15 1 3 -3
2 8 -7 5 23 69 -69
-23 13 -15 5 0 -1 -1
-2 -12 22 7 0 6 6
-16 -3 -20 3 0 3 4
4 15 5 19 0 0 0
-15 17 13 17 -4 -4 -4
18 21 -4 17 -8 -8 -8
23 -17 -10 17 1 1 -3
19 -3 23 10 -25 -25 75
-19 22 11 24 3 0 1
-3 -18 10 6 78 0 26
-1 11 18 20 -4 -3 1
-9 10 -12 10 -76 -57 19
-18 16 -8 10 -4 2 -1
-20 -17 19 12 92 -46 23
24 -10 24 2 -3 -5 -4
-9 24 8 19 -51 -85 -68
-8 23 -15 13 5 3 -2
-16 0 -22 2 -10 -6 4
-13 -1 16 2 -3 -2 0
-17 -8 -25 19 -96 -64 0
6 25 -7 19 2 -5 3
-1 -8 -24 15 20 -50 30
-21 -23 22 15 0 1 -5
8 -13 14 7 0 12 -60
16 1 6 2 -5 5 -3
-11 -2 -21 21 -45 45 -27
3 6 21 15 -5 -1 0
3 7 -12 4 -80 -16 0
8 -6 -6 6 -5 4 -4
-14 23 -2 8 -80 64 -64
-22 -12 -15 7 1 -3 4
0 22 21 7 -10 30 -40
15 22 12 17 -2 1 1
2 -23 5 6 -50 25 25
-6 -11 -25 19 -4 4 5
6 -13 -1 6 -24 24 30
-22 -7 -7 20 -1 2 -5
18 2 6 17 -15 30 -75
5 -10 22 4 -5 3 5
-2 3 -11 4 -10 6 10
-6 -10 15 6 -1 -5 3
12 -3 -5 1 0 0 0
23 -3 11 19 0 3 3
-7 21 -21 10 0 -48 -48
14 -23 13 23 2 5 -1
-11 0 25 2 -4 -10 2
-7 -14 -20 19 5 -5 2
-7 22 8 1 -20 20 -8
14 23 23 18 5 4 -5
-3 10 -12 7 30 24 -30
-6 -10 -23 21 -1 -1 4
22 -16 20 11 22 22 -88
16 6 7 6 1 5 -1
-11 -8 17 18 14 70 -14
-10 -12 -15 15 3 -5 -2
-16 5 2 5 9 -15 -6
19 -18 24 24 4 4 -3
-24 -23 -20 5 -64 -64 48
-17 15 -11 25 4 4 5
-22 -22 -19 11 76 76 95
13 -13 -7 17 -4 -1 -3
-13 14 17 17 -12 -3 -9
20 -14 -4 5 1 -1 1
8 -3 -7 8 31 -31 31
8 25 19 2 3 1 -1
-10 -25 0 15 63 21 -21
17 -4 2 24 -3 3 -1
-21 22 -10 2 87 -87 29
15 -5 -24 2 5 5 5
-15 4 -9 22 10 10 10
1 19 16 11 -5 -3 2
-20 -24 9 8 -30 -18 12
-19 2 -17 17 -5 1 -2
-6 -5 21 11 0 0 0
-17 1 -9 7 0 -3 3
13 -23 -14 5 0 -93 93
-21 -6 -14 16 -1 -2 5
-25 19 -15 6 18 36 -90
-4 -23 -10 11 2 1 5
-14 -1 7 7 16 8 40
22 -15 -12 22 1 2 2
-24 16 14 25 5 10 10
-19 24 -25 5 0 3 -3
5 8 -25 12 0 45 -45
23 -21 2 11 5 0 1
19 8 -15 12 -95 0 -19
-14 11 14 5 -2 -3 -4
-11 -15 8 1 8 12 16
11 -9 -17 7 3 3 3
-16 13 15 18 -81 -81 -81
-23 22 -24 7 4 5 4
15 10 9 11 -52 -65 -52
22 -7 -1 10 5 5 4
-18 -19 -1 21 30 30 24
23 0 7 2 2 1 0
-13 14 17 21 54 27 0
0 -24 15 10 -1 -2 -4
24 7 3 2 -11 -22 -44
21 5 -22 10 4 0 1
-23 9 -4 5 16 0 4
-14 -14 2 16 -2 -5 4
20 -9 -9 12 36 90 -72
1 10 6 13 1 4 4
-10 25 -5 2 13 52 52
23 6 23 14 3 1 0
12 22 -18 7 -93 -31 0
13 -22 5 10 2 5 4
4 10 -24 3 -36 -90 -72
24 21 10 16 -3 3 -5
-17 -20 13 8 -12 12 -20
12 20 -20 25 -4 0 5
9 -25 -11 5 -12 0 15
-8 -20 -20 4 5 2 -3
-25 13 11 8 0 0 0
7 -24 4 14 -3 -4 -2
19 10 23 20 42 56 28
14 -19 -4 2 -2 3 -3
-15 -7 -4 15 -46 69 -69
-13 2 11 5 5 -4 0
21 4 -5 14 -65 52 0
-20 -19 21 7 1 1 3
11 -24 -5 10 29 29 87
-25 5 6 15 -5 -1 -4
-10 4 -9 3 55 11 44
20 -12 -9 16 4 -1 2
-10 22 -17 1 -72 18 -36
-22 -11 2 13 -5 -5 0
24 -5 8 19 45 45 0
15 25 9 7 2 1 2
25 8 -24 22 38 19 38
-8 -3 25 20 -5 4 -3
16 -16 -8 14 -90 72 -54
19 21 -10 7 -1 4 2
22 9 -5 5 20 -80 -40
-6 16 25 6 -1 3 -4
-14 -25 -12 5 11 -33 44
8 -17 -22 21 -4 -5 -4
-10 18 1 9 -16 -20 -16
6 -22 -10 5 -4 1 0
-25 -19 -1 6 -24 6 0
-22 21 3 19 0 -4 -3
7 -9 24 1 0 -24 -18
3 -16 -22 10 -3 -1 0
-1 16 -7 19 69 23 0
87
-23 -20 -3 5 -2 -2 -1
9 12 13 22 -74 -74 -37
3 19 3 4 -3 4 -3
27 -13 27 5 57 -76 57
9 19 -1 14 -1 -5 2
-7 -61 31 22 -4 -20 8
25 -9 4 3 -2 5 -4
15 16 -16 3 -34 85 -68
-16 -3 18 7 4 2 3
24 17 48 16 -72 -36 -54
-10 -2 -25 7 5 0 2
80 -2 11 9 40 0 16
6 -6 21 14 -2 1 -3
40 -23 72 1 -42 21 -63
11 -5 15 3 -1 2 -3
23 -29 51 18 23 -46 69
-4 19 -6 11 -2 4 2
-20 51 10 3 32 -64 -32
-24 -23 -6 1 1 -3 -4
-36 13 42 7 21 -63 -84
18 19 -14 22 4 -1 0
50 11 -14 6 8 -2 0
-18 -21 -15 25 5 0 -4
42 -21 -63 15 15 0 -12
-3 -23 -6 5 1 -3 1
-28 52 -31 11 -22 66 -22
-9 -9 -22 16 0 -5 2
-9 -39 -10 1 0 -55 22
8 -22 -20 1 1 -1 -1
35 -49 -47 13 -35 35 35
17 -13 -20 19 2 3 0
33 11 -20 8 32 48 0
-16 -25 -15 25 -2 -5 -3
10 40 24 25 18 45 27
-4 11 -4 21 1 2 0
-22 -25 -4 13 -29 -58 0
-2 -12 9 17 -4 -5 4
46 48 -39 25 4 5 -4
-13 -9 10 9 -2 1 0
77 -54 10 3 -46 23 0
-20 12 -6 6 -2 -4 -4
12 76 58 7 12 24 24
-7 19 -1 18 1 4 -5
-16 -17 44 20 12 48 -60
12 21 9 14 0 3 -1
12 -15 21 12 0 84 -28
-10 17 -10 2 3 4 -1
-70 -63 10 3 -48 -64 16
-18 8 -19 23 -3 2 2
39 -30 -57 13 93 -62 -62
-23 6 24 4 -2 -3 -3
-85 -87 -69 7 -8 -12 -12
24 23 13 6 5 0 0
9 23 13 6 75 0 0
-8 8 -12 5 -4 5 -4
4 -7 0 6 -64 80 -64
-12 -24 -14 9 3 -2 -4
-42 -4 26 14 -75 50 100
-8 16 20 16 -2 0 -4
18 16 72 14 -40 0 -80
4 -18 11 16 5 4 2
-61 -70 -15 9 65 52 26
7 -23 -9 22 -1 4 -2
24 -91 25 13 23 -92 46
-13 5 23 4 -4 2 5
-61 29 83 4 -16 8 20
-16 -14 15 14 1 2 -4
-33 -48 83 12 -3 -6 12
-23 -21 1 1 -4 -1 3
-83 -36 46 10 -60 -15 45
12 -4 -14 5 -3 -3 -1
-63 -79 -39 2 54 54 18
21 -14 -14 20 3 -3 -4
-18 25 38 6 -18 18 24
-11 21 20 12 -2 -4 -2
-33 -23 -2 21 4 8 4
-2 2 12 11 -2 -1 -5
-26 -10 -48 25 -24 -12 -60
11 10 16 2 5 -5 0
1 20 16 9 -95 95 0
-24 -2 2 25 3 3 -1
-90 -68 24 22 48 48 -16
-15 -19 -16 8 -3 5 -2
-33 11 -28 25 -45 75 -30
19 -2 -17 6 3 -2 2
28 -8 -11 4 -54 36 -36
-8 -1 23 2 5 0 2
-53 -1 5 11 -10 0 -4
-6 6 -8 10 -2 -2 1
-86 -74 32 17 94 94 -47
5 9 -3 5 -4 3 2
53 -27 -27 12 -40 30 20
-14 -21 17 4 -4 -4 -2
6 -1 27 14 -44 -44 -22
14 -19 23 4 -2 -2 -4
38 5 71 2 -16 -16 -32
18 -17 7 25 -5 -3 -4
-27 -44 -29 22 -85 -51 -68
10 -1 22 11 4 -2 5
-22 15 -18 17 40 -20 50
15 -23 -18 14 1 -1 -4
28 -36 -70 19 18 -18 -72
-17 16 4 6 5 -2 2
68 -18 38 5 70 -28 28
-3 25 -3 2 2 -5 4
31 -60 65 14 26 -65 52
4 -18 -22 18 -1 2 -5
21 -52 63 11 -7 14 -35
-21 -17 23 17 -4 0 3
15 -17 -4 4 40 0 -30
-24 -1 3 5 3 -1 0
66 -31 3 23 -27 9 0
2 22 -16 6 -5 2 0
37 8 -16 24 75 -30 0
19 -14 -7 16 2 -2 4
63 -58 81 14 -42 42 -84
7 -8 -3 14 -2 1 2
57 -33 -53 23 42 -21 -42
13 6 0 10 2 -4 -1
61 -90 -24 16 -50 100 25
-2 -3 -21 6 3 -4 5
-26 29 -61 24 -12 16 -20
1 10 -14 17 2 -2 4
-17 28 -50 3 50 -50 100
-11 -23 5 22 5 -1 4
79 -41 77 17 -95 19 -76
-5 18 -9 18 3 0 -2
-62 18 29 2 75 0 -50
-5 -14 -2 13 -3 0 3
91 -14 -98 24 -9 0 9
-6 -23 -20 19 3 2 5
27 -1 35 11 48 32 80
13 18 16 9 1 0 -2
-29 18 100 7 -9 0 18
-5 22 6 10 4 2 4
71 60 82 3 -40 -20 -40
10 2 21 1 1 2 1
23 28 34 17 36 72 36
-11 -9 20 10 -4 -1 5
-75 -25 100 23 0 0 0
14 18 -5 12 -4 0 -5
38 18 25 5 20 0 25
19 18 18 16 -4 5 2
99 -82 -22 5 -68 85 34
-18 14 -5 19 5 1 0
52 28 -5 3 40 8 0
-2 19 -17 4 2 2 2
-72 -51 -87 23 40 40 40
-13 5 -8 13 -2 -2 3
-57 -39 58 12 14 14 -21
-25 -25 8 7 -1 0 -2
-8 -25 42 3 -21 0 -42
-7 -18 3 25 -4 5 2
-87 82 43 21 24 -30 -12
16 -20 -14 7 1 -3 1
-9 55 -39 22 -32 96 -32
-16 18 -21 1 -1 -1 -4
-24 10 -53 6 -7 -7 -28
-18 -11 -18 2 0 1 1
-18 9 2 16 0 -8 -8
20 -8 -17 17 5 -2 1
-75 30 -36 6 -25 10 -5
-15 12 9 5 -4 -3 -5
25 42 59 13 44 33 55
-19 -23 0 20 3 2 -2
17 1 -24 10 63 42 -42
-23 0 -24 7 -5 3 -4
-48 15 -44 12 -40 24 -32
7 -11 20 6 -5 5 -2
37 -41 32 12 -30 30 -12
-13 -18 -19 4 1 -4 -2
-24 26 3 1 6 -24 -12
-14 5 12 16 0 -3 -3
-14 -37 -30 17 0 -6 -6
2
-100 -100 -100 10 1 1 1
100 100 100 10 -1 -1 -1
0 0 0 1 1 0 0
5 -4 0 1 0 1 0
500
0 -13 -5 4 0 0 0
10 1 4 9 0 0 0
-14 -10 -18 10 0 0 0
14 -17 21 25 0 0 0
-16 -24 19 12 0 0 0
8 -10 -13 14 -1 1 3
13 -20 -13 16 0 0 0
4 23 1 3 0 0 0
-14 25 -11 22 4 1 -1
-12 -20 -7 3 0 0 0
-6 -15 24 18 0 0 0
-8 15 -11 25 0 0 0
12 5 -17 9 0 0 0
3 -25 19 8 0 0 0
23 19 -20 10 0 0 0
-9 10 0 14 0 0 0
-17 -14 -18 5 0 0 0
-6 -6 23 25 5 5 -2
-21 11 22 5 0 0 0
19 4 18 6 0 0 0
1 -20 14 22 -4 0 0
19 19 15 16 4 4 3
-5 -20 -22 10 0 0 0
-4 21 -7 13 0 0 0
-12 14 6 20 0 0 0
5 -6 -23 9 0 0 0
-25 -10 -13 19 4 -2 3
25 24 1 1 0 0 0
-22 1 18 11 4 -3 -3
10 -9 -17 4 5 -2 0
12 22 7 8 4 1 -3
24 -7 -24 4 3 -2 -3
-4 -14 -18 11 0 0 0
20 9 22 12 5 -3 2
-11 -7 12 18 0 0 0
3 20 -8 10 0 0 0
7 -14 3 1 0 -5 2
-7 20 -8 15 0 0 0
-14 -2 -20 3 5 -2 -4
19 -20 25 4 0 0 0
-15 6 14 21 0 0 0
16 -23 -21 24 -5 -2 1
5 -13 -7 12 -1 5 0
-20 6 5 4 0 0 0
20 21 19 24 4 -1 5
-18 3 -7 24 -5 3 2
-19 -19 -12 19 -1 -5 1
15 9 -16 21 0 0 0
-11 -17 8 19 2 -3 -2
20 0 -11 16 0 0 0
23 -24 -7 2 5 5 -5
-12 8 22 16 -5 -3 0
-5 8 -10 10 0 0 0
21 -3 -25 4 2 -2 0
9 -10 20 14 2 0 -4
3 -12 -12 10 0 0 0
4 -23 21 12 0 0 0
9 13 12 23 -5 -1 -1
19 9 -12 2 -2 -2 -1
-1 -8 -1 4 0 0 0
-20 -24 5 23 0 0 0
-4 20 10 14 0 0 0
21 11 1 18 -4 5 5
-5 -10 20 14 0 0 0
14 8 4 1 0 0 0
20 -12 11 2 1 -4 1
8 18 24 2 0 0 0
21 -13 -7 15 1 -1 -5
5 -24 -3 19 0 0 0
-8 17 -20 21 -5 -1 -2
24 -22 22 19 -3 -4 2
13 7 -13 17 0 0 0
-11 -24 -4 16 0 0 0
5 3 -1 11 0 0 0
-6 -25 13 24 -1 -2 -5
21 11 21 3 0 0 0
-17 -6 4 14 0 0 0
3 -10 11 4 3 -3 0
-5 9 0 3 0 0 0
22 -17 24 23 1 -2 5
12 6 -6 14 0 0 0
-25 3 -10 6 4 -3 -3
4 -21 -20 23 -5 1 5
-25 22 11 21 0 0 0
-21 12 10 13 0 0 0
18 24 -3 14 0 0 0
15 13 -14 7 -1 -4 5
-25 21 -17 19 4 0 5
15 -18 25 3 0 0 0
-16 -22 -19 9 2 1 -5
-25 -6 -23 10 0 0 0
1 19 4 21 0 0 0
17 -12 -10 2 0 0 0
6 1 -7 1 4 0 4
18 -10 -8 24 0 0 0
-21 16 19 20 0 0 0
-22 -12 13 20 0 0 0
20 3 18 20 0 0 0
-24 -3 22 3 -4 2 -4
-19 11 -21 2 0 0 0
-5 -13 11 11 0 0 0
15 -5 14 3 0 0 0
-1 11 -15 14 0 2 5
-23 -8 20 24 4 -5 -4
-24 24 -24 6 0 -4 -3
-20 -19 8 24 -2 -1 0
-7 12 -17 5 -5 2 -2
21 22 5 8 0 0 0
-18 15 18 7 3 -2 3
-15 10 -17 1 0 0 0
-23 22 -24 11 0 0 0
-6 8 -10 2 4 -1 3
-10 -18 5 14 -5 1 5
11 -14 -1 1 0 0 0
15 0 9 19 2 1 -3
-19 14 8 16 0 0 0
25 7 18 4 0 0 0
-3 18 -5 5 0 0 0
18 -13 13 10 3 1 1
18 15 -15 25 3 0 2
7 9 -4 18 0 0 0
19 0 -24 1 0 0 0
-10 12 -3 5 -4 2 0
-15 -21 25 16 0 0 0
3 13 -4 5 0 0 0
-14 -20 -2 7 0 0 0
25 22 13 7 0 0 0
11 9 7 9 -2 3 0
8 2 17 1 -3 -3 0
-18 2 5 2 -1 -4 -3
5 -19 13 13 0 0 0
-13 21 22 2 -2 -3 3
-20 -4 0 21 -5 2 3
11 24 7 21 0 0 0
15 22 -15 6 2 0 -1
-22 -13 -12 13 -5 -4 5
18 -24 10 14 0 0 0
1 8 -19 4 0 0 0
-24 24 -7 24 0 0 0
-3 -12 17 16 -2 0 5
-10 6 -18 24 0 0 0
4 -20 18 3 -4 0 2
8 17 22 13 0 0 0
-1 -21 -19 7 0 0 0
4 -9 -13 10 0 0 0
23 4 -15 4 0 0 0
22 -16 -24 17 4 -4 1
-3 -14 8 3 2 0 -2
-14 16 -23 4 0 0 0
14 3 21 20 0 0 0
0 17 -12 25 -3 2 -3
3 -19 -3 10 -3 -3 -1
-4 11 13 8 0 0 0
12 -10 5 4 3 -2 2
25 23 -9 15 -1 2 -4
5 6 22 6 0 0 0
-5 -18 25 19 0 0 0
-20 13 16 13 -2 2 5
18 -18 -7 12 1 -1 1
7 9 22 17 0 -1 1
16 -11 13 2 0 0 0
-21 13 -9 15 1 1 4
11 24 -13 24 3 -3 -2
16 -21 -14 5 0 0 0
25 -18 15 16 0 0 0
9 24 22 18 -3 5 2
12 5 -19 3 0 0 0
-19 0 -12 24 0 0 0
0 -8 2 18 0 0 0
-17 14 16 12 2 -2 0
6 -1 24 20 0 0 0
19 17 2 3 3 -3 5
0 23 -17 23 5 -5 2
15 -23 -10 25 0 0 0
-12 15 3 7 -2 4 5
0 -21 20 13 0 0 0
24 22 -4 18 0 -2 4
-13 -22 -18 18 -5 2 0
-24 -23 23 15 0 0 0
-2 11 6 18 3 4 2
-7 18 18 14 0 0 0
22 -13 25 12 0 0 0
7 12 17 8 0 0 0
-15 -17 -16 20 0 0 0
-11 25 -22 5 0 0 0
-13 -19 8 10 2 -3 2
1 0 14 7 5 -1 0
-2 -2 -13 16 -1 -3 -4
11 19 25 4 0 0 0
13 -12 17 4 -4 0 -5
0 14 21 11 0 0 0
14 6 -2 12 0 0 0
-20 21 -5 18 -1 3 -5
-14 -21 -1 12 0 0 0
-12 1 10 21 0 0 0
15 0 -20 19 0 0 0
-9 -25 -25 1 0 0 0
-13 8 13 22 0 0 0
1 -20 13 19 5 -3 2
16 19 8 10 0 4 -4
19 -19 17 13 0 0 0
-24 -13 -3 8 0 0 0
-10 -5 15 8 -1 -4 4
-10 13 -11 18 0 0 0
-25 5 19 6 2 -4 1
-6 19 -15 11 0 0 0
-20 16 12 1 -1 -3 -4
-19 5 -7 15 -3 0 5
4 -11 -4 16 2 -5 2
-21 -1 -20 9 0 5 3
18 -6 6 5 0 0 0
25 -5 11 1 2 -3 -5
15 -21 -19 3 0 0 0
16 7 18 5 2 -2 0
13 -15 -23 7 -1 -3 3
-24 -23 0 17 0 -2 3
11 -18 -9 2 -2 -5 1
19 -1 -20 2 0 0 0
4 -11 8 10 -5 3 1
-20 -24 -15 14 0 0 0
10 15 -23 24 3 4 -4
-14 12 21 22 -3 0 -3
-11 -7 3 18 0 0 0
-22 14 -17 1 0 0 0
16 0 19 20 0 0 0
20 -16 -4 5 0 0 0
-2 6 18 21 0 0 0
-14 -8 -19 20 0 0 0
-18 -16 -19 9 0 0 0
2 -23 22 11 0 3 3
-3 -11 -10 19 0 -1 -1
15 10 -6 7 5 0 0
20 -7 -5 3 0 0 0
11 -14 -20 5 0 0 0
13 -18 13 4 0 -3 2
24 10 -17 3 -4 -4 -2
-20 7 22 14 -1 -1 4
-6 -22 -8 10 2 -1 -1
8 -15 22 12 0 0 0
-13 12 10 18 -1 0 0
-22 11 16 17 0 0 0
4 -22 -19 18 0 4 -4
-9 12 -10 21 1 -1 0
17 -9 2 1 0 0 0
-23 12 20 18 -1 -5 -3
-8 2 -20 16 0 0 0
12 23 -6 2 0 0 0
4 12 18 22 3 0 0
-14 -11 -23 10 0 0 0
-24 6 22 25 0 0 0
-25 -17 -1 18 0 0 0
6 9 -4 20 -1 1 -4
20 21 17 4 0 0 0
-8 -20 -3 21 1 2 2
0 10 -16 3 0 0 0
18 25 -17 4 0 0 0
10 15 18 15 -1 3 2
-9 22 -18 13 -2 -3 -5
-3 -11 -18 9 -1 -3 -4
-14 -11 6 8 0 0 0
12 10 24 8 -2 -3 1
1 17 -15 10 -2 -1 1
-4 25 22 12 0 0 0
-6 -7 21 1 -4 -4 1
6 2 2 11 0 0 -4
-25 -18 15 7 -1 -2 4
-24 20 14 21 0 0 0
10 6 -6 20 -5 2 0
3 -11 10 25 0 0 0
-20 18 -13 12 2 5 1
-20 17 2 9 1 0 3
11 -7 -5 5 0 0 0
-5 23 14 6 0 0 0
25 25 1 24 0 0 0
10 15 -5 3 -5 1 0
-14 9 -18 20 0 0 0
8 2 -14 16 0 0 0
-25 3 10 3 -2 -1 -5
0 5 -12 1 3 1 5
-11 -15 -7 13 0 0 0
-23 16 1 5 0 0 0
-4 -25 -1 4 -3 0 5
-19 2 -14 2 0 -2 5
-21 8 5 3 -1 2 0
-9 -25 16 8 1 2 5
22 10 -25 13 4 5 0
15 -25 -6 7 0 0 0
1 -21 14 5 0 -2 0
22 17 -15 25 -5 2 1
-12 12 8 1 0 -5 -4
-20 -8 -11 11 5 -1 0
0 -23 0 2 2 0 -2
-9 14 23 8 0 0 0
14 1 0 3 -3 -3 5
4 14 8 17 -1 5 1
-11 -22 22 9 4 1 3
-2 5 -7 4 0 0 0
13 -9 24 18 0 0 0
0 -24 -3 11 -5 -2 -3
10 4 3 17 1 5 0
10 -19 -1 9 0 0 0
-15 -6 6 7 0 0 0
14 17 17 3 2 -4 -3
20 -13 17 11 0 0 0
8 -13 11 8 -5 0 0
-17 -1 21 17 0 0 0
11 -9 3 6 0 0 0
-21 22 -23 20 0 0 0
21 -22 6 1 0 0 0
-25 17 15 19 0 0 0
-3 17 -16 21 0 0 0
2 -15 21 17 0 0 0
-6 18 10 7 0 0 0
-21 -3 -22 3 0 0 0
-4 -23 -21 19 0 0 0
12 16 5 19 0 0 0
-12 -7 -16 10 5 -2 4
-22 -8 23 16 0 0 0
-14 24 4 10 0 0 0
-23 -25 14 18 0 0 0
15 -5 6 4 -2 -1 5
-8 -10 -14 11 0 3 -3
12 2 -15 19 0 0 0
-15 -1 -4 5 4 -2 -1
-7 21 23 24 0 0 0
25 14 -6 18 0 0 0
-24 16 1 20 4 0 -3
-4 -17 0 4 0 0 0
-22 -6 9 25 2 -2 -3
12 -10 22 4 0 0 0
-4 -11 -14 6 3 -5 -4
-10 15 -9 6 0 0 0
-14 14 1 19 0 0 0
6 -18 -21 20 0 0 0
17 21 -24 14 0 0 0
-19 3 -14 16 -3 5 0
12 -4 -20 18 0 0 0
-20 -5 -24 3 -4 2 -5
4 -24 -23 15 -2 3 -5
10 4 4 7 0 0 -1
6 19 -4 21 3 -2 1
23 -14 -5 3 -2 4 -1
-23 -25 -3 8 0 0 0
-19 -10 -25 16 3 -2 0
9 -19 -9 3 0 4 -2
1 7 -21 4 0 0 0
25 -11 22 18 5 3 4
-12 -18 25 5 1 -5 2
-3 25 1 13 -5 -1 0
-9 -12 10 11 2 -2 -3
-16 7 -13 20 -4 -4 -2
8 -1 12 4 -1 0 1
10 13 1 9 0 0 0
6 -11 -25 6 0 0 0
4 17 18 13 0 5 2
1 -3 -7 18 0 -4 5
-10 6 5 6 2 2 -2
3 -21 -1 6 1 -5 -5
-7 5 12 1 3 1 3
5 -3 -15 14 0 0 0
7 -24 6 8 0 0 0
12 3 9 10 0 0 0
-11 -18 12 4 0 0 0
16 -15 -16 17 0 0 0
24 13 18 23 5 2 4
11 -9 8 2 1 -3 0
10 -5 25 7 3 4 -2
-10 -4 -22 15 -5 1 2
-14 -7 -22 7 5 0 4
-17 0 22 15 0 0 0
-7 -3 -22 2 1 -1 1
24 22 -23 1 1 1 1
-12 -2 23 15 0 0 0
13 9 -12 18 0 0 0
7 -4 -6 1 0 0 0
-16 9 16 2 0 0 0
-18 -20 7 25 -5 -5 5
6 23 2 10 0 0 0
12 12 13 18 0 0 0
-4 11 -19 2 -1 1 -2
0 -14 -22 13 0 -5 -2
11 8 -23 1 -4 -5 1
6 -12 22 15 -3 4 2
-20 -10 -23 18 -2 2 -2
6 -12 -21 17 0 0 0
-3 -7 -1 5 -3 -4 1
17 20 11 12 0 0 0
2 -25 11 11 2 2 3
4 21 25 4 3 -4 -1
22 6 16 4 -2 0 4
-21 -23 19 3 0 4 -1
15 -6 -14 13 0 0 0
-17 21 -22 12 0 0 0
6 -17 -5 13 0 0 0
12 4 -12 18 -5 0 -3
-25 -16 3 12 0 0 0
1 8 16 8 -3 2 3
10 8 -10 6 -3 5 -4
-19 -21 14 18 -4 4 4
-25 11 9 13 0 0 0
5 -12 -9 17 3 1 5
3 9 23 7 -2 5 -5
-6 -4 3 19 0 0 0
-17 -22 23 3 0 0 0
3 -18 -22 11 -1 5 -4
24 9 -12 4 0 0 0
-23 -10 -15 4 0 0 0
11 -12 -19 3 5 -4 -2
-12 -3 -12 3 -3 -1 4
-20 -2 14 23 -1 -2 1
-13 -7 3 7 0 0 0
8 8 0 10 0 0 0
9 2 -1 7 -2 3 -3
-11 21 -4 5 3 3 4
-10 -22 -22 15 -2 1 3
20 1 -20 22 0 0 0
-8 14 13 8 2 3 4
13 -20 15 19 0 0 0
-5 -25 -13 2 5 0 -3
17 -13 -24 15 0 0 0
-12 -3 -2 24 -1 0 -2
-11 23 24 8 2 -1 -2
-14 17 -24 12 0 0 0
22 10 4 18 -1 -5 2
9 17 1 10 -5 2 0
-15 23 25 5 0 0 0
19 -11 22 23 2 3 5
-22 -16 -16 1 0 0 0
-21 4 -3 17 -2 -2 -5
-17 7 21 6 2 3 4
10 20 -11 4 0 0 0
24 -12 -19 8 0 0 0
-16 20 3 9 0 0 0
2 -6 -2 16 0 4 0
16 -5 -23 23 0 0 0
-7 17 16 5 2 3 -2
12 20 -10 3 -1 -5 0
-13 -9 -17 5 0 0 0
14 14 -2 13 -1 -4 -1
2 -18 17 10 -4 -3 -1
-5 22 -20 13 0 0 0
1 -19 -13 12 0 0 0
-15 -1 -9 10 0 0 0
13 22 -8 20 0 0 0
-12 -6 17 7 0 0 0
-2 15 25 13 -3 -5 -4
18 -10 -19 21 -1 -5 -5
-24 -12 -6 1 0 0 0
10 -21 15 15 -4 0 -2
16 1 -7 16 0 0 0
-8 -15 24 18 0 0 0
-19 -14 -22 13 0 0 0
4 12 4 11 0 3 2
22 -21 8 19 3 -1 0
9 5 -6 3 -4 -5 -1
-2 -11 21 9 -3 3 5
14 10 -1 2 3 4 4
-11 -2 1 11 1 -1 5
16 7 6 17 0 -5 1
-25 -3 -12 16 -5 -4 -5
9 1 -22 15 0 0 0
14 5 1 4 0 0 0
-15 -23 -10 25 0 4 0
-16 7 18 7 0 0 0
-3 20 7 20 0 0 0
2 -8 -23 5 0 0 0
-7 -7 5 15 0 2 4
-20 23 -19 11 4 1 -2
-20 -12 -20 3 0 0 0
22 -8 7 16 0 0 0
16 -16 -19 20 0 0 0
-21 18 -12 12 -1 0 3
25 -24 -5 8 0 3 -3
-20 13 -5 6 -3 1 -1
-24 15 23 11 0 0 0
-23 -6 -17 1 -3 3 -1
1 -21 -3 16 -3 0 1
-25 -14 -2 9 2 4 1
19 2 12 7 0 0 0
-18 -19 -1 14 3 -2 1
5 19 8 12 0 0 0
-23 -20 2 14 -5 1 -5
-5 6 12 5 -2 0 -5
-10 5 -22 17 0 0 0
-22 3 4 8 0 0 0
-22 11 -18 13 0 0 0
0 14 -24 22 -4 0 -3
-8 -10 12 16 -1 2 -1
-24 21 11 17 -3 -1 4
-1 14 -4 3 0 0 0
3 2 23 24 5 -4 -2
-23 -23 -15 8 -4 -5 5
-23 10 -2 15 0 0 0
7 13 13 18 0 0 0
22 13 -15 6 -3 1 -3
4 -20 19 15 0 0 0
-20 -20 24 4 -1 1 1
7 -20 -15 21 0 0 0
21 6 -11 9 2 1 1
-22 -25 -12 24 -2 1 3
22 -18 19 9 0 0 0
13 -18 -3 10 0 0 0
-5 -21 -7 25 1 -4 1
25 -21 -7 3 2 -4 3
1 4 -25 19 0 0 0
17 -8 -8 4 0 0 0
6 18 -10 4 -1 -3 5
-14 5 -21 16 0 0 0
7 -7 10 3 0 -1 5
-22 17 24 21 3 4 3
-11 13 -6 18 -3 -5 -2
19 12 25 5 0 0 0
7 10 15 11 5 -4 1
-7 22 -2 11 0 0 0
25 5 -23 7 0 0 0
19 8 -1 7 -5 -3 2
14 13 23 11 0 0 0
3 14 -18 19 -2 1 -2
13 -22 15 1 3 1 3
-4 -1 -16 11 0 0 0
-15 -4 19 8 0 0 0
-15 13 22 2 -2 5 4
-20 24 -23 5 0 0 0
-3 0 12 21 -2 -3 -2
18 -19 5 1 4 3 3
18 7 11 17 0 0 0
23 5 17 8 0 0 0
-3 -5 8 16 2 3 2
16 -15 8 8 2 -1 -1
19 15 -22 3 4 -5 -5
-11 9 -9 11 0 0 0
-25 -11 22 9 0 0 0
-22 6 12 13 0 0 0
3 -14 -4 6 0 0 0
-14 -23 -25 3 0 0 0
21 -20 -1 10 4 3 3
9 -8 6 12 2 0 -3
-8 -22 -17 17 0 0 0
-16 -22 -21 9 2 -5 5
-10 10 10 1 0 0 0
-6 -16 13 22 -4 3 -4
9 21 24 14 0 0 0
21 0 14 3 -2 -2 5
-8 -20 -6 2 0 0 0
20 -10 8 11 0 0 0
-24 -6 1 8 0 0 0
-20 14 11 19 0 0 0
23 -25 12 8 -1 2 4
-5 6 -14 9 0 0 0
-18 21 -3 4 0 0 0
10 25 0 2 0 0 0
-14 10 -4 9 0 0 0
-16 13 19 12 0 0 0
-11 -3 -5 16 -1 5 -4
-25 15 19 6 0 0 0
23 -15 14 5 -2 5 -5
8 -25 -9 2 -4 -5 -5
-9 -25 12 21 0 0 0
-11 -5 5 8 0 0 0
-17 14 -6 8 0 0 0
-14 3 5 22 0 0 0
-9 -12 -25 5 4 0 3
-22 25 9 14 -5 0 -1
5 2 -19 15 0 0 0
7 -1 19 7 -2 4 -2
-7 -3 21 1 0 0 0
-15 -13 -17 17 3 -1 -2
22 -3 -4 9 0 0 0
25 17 8 2 5 4 4
9 -12 -8 6 4 5 5
-15 -3 -10 4 0 0 0
-17 -4 22 8 0 0 0
-1 12 22 5 -4 -3 -4
-6 -3 -11 4 0 0 0
-14 6 -3 2 0 0 0
3 22 3 21 -3 0 5
0 -16 -14 6 5 5 4
20 -9 17 4 2 -5 4
1 -17 -2 3 0 0 0
-13 5 -8 10 0 0 0
24 -14 6 24 0 0 0
-7 18 -17 16 0 0 0
11 17 -21 15 -1 2 -4
-12 -5 -7 19 2 -2 0
10 21 25 12 -5 4 -2
9 -8 8 12 0 0 0
11 12 1 13 0 0 0
-21 -13 19 17 2 0 -1
-1 -13 -17 13 0 0 0
-22 2 25 13 3 1 3
-2 -14 7 7 4 -3 -4
-24 -1 -2 7 1 0 -2
-19 21 -6 14 -3 5 -5
8 -24 -11 17 4 -1 -2
-13 12 16 6 0 0 0
16 18 24 3 0 0 0
-20 23 25 11 -2 4 -5
-22 -7 -20 15 5 -5 -3
4 15 -18 18 0 0 0
-9 -19 16 25 -4 0 4
-19 -4 -1 7 0 0 0
-2 24 -7 6 0 0 0
25 23 -9 15 0 0 0
-12 -21 8 12 0 0 0
-7 10 -25 5 0 0 0
23 -1 5 12 5 5 0
-19 -12 1 11 0 0 0
25 5 20 3 -2 -5 4
-4 14 -9 15 0 0 0
18 2 22 19 0 0 0
-18 23 6 15 4 -3 -1
20 20 22 14 0 0 0
-15 18 7 13 0 0 0
-18 -22 -19 5 0 0 0
-17 16 8 19 -5 5 4
11 -17 -14 8 0 0 0
6 -23 -19 1 0 0 0
-24 6 6 17 0 0 0
-20 15 -4 22 5 -1 -2
17 8 18 15 0 0 0
25 -4 -3 2 0 -2 -4
22 7 -18 13 1 1 1
3 5 17 13 0 0 0
3 -14 -24 4 5 -1 -1
25 -17 -8 7 -3 0 3
5 -16 10 14 -2 1 -5
-23 -8 -25 9 0 0 0
-23 24 3 17 0 0 0
22 -9 10 23 0 0 0
6 25 5 9 0 0 0
-18 17 -8 2 0 0 0
10 -25 15 10 -4 5 0
-1 -17 -23 7 0 0 0
-16 -8 5 16 0 0 0
-11 15 -24 6 -5 4 0
14 -21 6 18 3 -5 3
13 15 -9 25 1 0 2
-22 -20 10 7 -4 2 3
22 17 11 13 0 0 0
-24 18 -23 9 0 0 0
17 9 -23 11 0 0 0
14 -3 25 23 0 0 0
2 24 -18 21 0 0 0
23 -5 -3 15 -5 3 -4
-16 -24 12 17 2 3 4
5 18 -5 20 0 0 0
-1 -18 18 13 0 -2 -2
-4 22 -8 17 0 0 0
8 -19 15 17 5 3 0
-18 -12 -22 16 4 -5 -3
11 22 -16 7 -3 3 -2
-2 15 16 11 1 -1 4
-12 21 -5 9 0 0 0
-9 -14 21 18 0 0 0
8 17 -10 17 0 0 0
-15 -10 -20 10 -4 5 -2
23 14 -22 22 0 0 0
-19 8 0 3 -4 -3 5
25 12 -7 6 0 0 0
9 0 2 7 0 0 0
16 -18 6 14 1 1 5
-22 21 -16 7 0 0 0
16 21 11 13 0 0 0
-15 9 -13 1 0 0 0
18 14 11 13 0 0 0
15 9 -15 8 0 0 0
14 3 13 6 5 5 -1
20 19 -8 2 -1 4 -4
14 -11 8 10 0 0 0
-22 18 -1 18 0 0 0
-19 4 22 2 0 0 0
21 -12 20 19 -5 1 4
9 9 -13 2 0 0 0
15 18 18 1 0 0 0
24 15 -2 5 0 0 0
15 -4 -17 12 0 0 0
-16 10 -7 23 -4 -2 -3
14 -22 16 8 0 -3 -2
17 11 -15 14 -1 4 2
-19 24 7 20 0 0 0
-22 18 7 23 0 0 0
11 19 -16 1 -3 0 0
-4 -21 22 5 0 0 0
-23 1 0 20 -1 -1 -2
11 18 1 6 3 1 4
-24 17 -10 3 3 4 3
14 -21 21 14 0 0 0
23 3 -25 14 0 0 0
8 20 5 3 5 0 -3
-12 0 7 13 -2 -5 -1
-2 -10 15 4 -4 -3 4
12 -9 25 12 -5 3 5
-18 -21 -18 13 0 0 0
6 -21 1 2 -1 -2 -3
-3 5 16 14 -4 5 3
23 20 -8 13 1 4 -1
0 -10 16 23 0 5 4
-10 23 -16 17 0 0 0
21 -1 -7 1 0 0 0
23 25 20 25 0 0 0
-18 -21 -20 4 0 0 0
7 4 -8 16 -2 5 -3
23 -12 24 13 0 0 0
-16 21 7 14 0 0 0
-15 15 22 4 1 -1 -5
-1 8 -17 4 0 0 0
-11 17 -6 22 -2 4 -5
3 -7 3 2 5 5 -3
-18 14 15 10 0 0 0
4 -8 -22 23 4 5 4
-22 -11 -20 20 0 0 0
17 20 -15 23 0 0 0
-16 3 25 9 0 0 1
4 18 12 7 -4 1 -4
9 -7 7 7 3 1 5
21 6 -15 17 2 2 -3
-10 -25 -20 18 5 5 -4
-5 -17 13 10 -4 4 0
3 16 3 20 1 -2 2
-24 20 15 2 0 0 0
-4 4 18 23 -4 5 4
22 -23 -5 13 0 0 0
-13 -17 12 10 0 0 0
8 18 5 23 -4 1 5
-7 9 7 23 4 -3 -1
19 22 -21 7 0 -2 -5
14 15 25 3 -4 3 0
-5 -17 -15 12 0 0 0
-19 -24 5 13 -2 -4 1
5 12 17 6 5 0 -1
22 22 21 8 5 -4 -5
12 18 -15 16 0 -5 2
11 22 -3 14 2 3 1
-21 3 -14 1 -5 5 1
-21 -5 -17 4 -2 -4 -2
-25 -8 17 25 2 -3 -4
-22 -15 3 11 -2 -2 3
18 -5 -7 21 0 0 0
7 -7 -13 12 4 -3 0
-20 -23 -8 7 0 4 -1
4 6 0 10 -5 4 -1
16 -19 24 17 -3 -4 -1
4 4 -2 8 1 1 2
17 13 22 14 4 4 4
5 -13 -20 8 0 0 0
-13 24 1 25 0 0 0
-18 12 11 11 3 0 3
6 14 -13 14 0 0 0
-18 -24 -23 14 1 -5 -3
-24 25 8 3 -2 -3 2
-15 -20 18 16 0 0 0
17 -2 6 4 4 1 0
22 6 -5 20 0 0 0
-14 -1 24 7 0 0 0
13 4 18 16 -3 1 3
-25 6 -6 19 -3 0 0
-20 9 17 23 0 0 0
5 -17 -24 8 1 4 -4
-10 -24 24 8 0 0 0
7 -19 -4 3 0 0 0
19 -19 19 6 -2 4 5
-7 -14 -17 19 0 0 0
-17 -14 -9 2 5 -5 3
-25 15 -20 6 0 0 0
24 -10 14 16 0 0 0
21 13 -16 7 0 0 0
8 -24 21 15 5 -4 0
-8 -19 -10 14 0 0 0
-19 15 -25 8 0 0 0
11 23 -21 16 0 0 0
19 -15 -10 9 0 0 0
-6 -24 -18 11 0 0 0
-10 25 16 1 -4 -1 -3
12 22 18 17 0 0 0
-2 -12 12 4 -4 -3 -1
13 25 5 10 0 0 0
8 -11 11 15 2 -2 -1
0 -20 -3 3 0 0 0
-12 -20 1 5 0 0 0
10 25 21 2 0 1 2
-25 -9 -8 6 0 0 0
-9 -7 24 3 0 0 0
5 -24 -12 16 -5 5 1
-16 -11 6 11 -4 3 4
13 -23 20 19 0 0 0
2 -11 -24 21 0 4 1
-11 6 22 3 0 0 0
-4 5 -25 21 3 1 0
25 9 25 8 5 2 -1
5 23 2 19 4 -5 -5
-6 -18 21 21 0 0 0
7 18 16 16 0 0 0
-18 -24 23 21 0 0 0
21 14 -9 1 0 0 0
-13 21 21 8 0 0 0
-14 -14 5 12 -2 -4 5
-5 -23 -7 5 0 0 0
-20 20 21 19 2 -1 4
1 10 -24 22 3 3 1
-11 -5 8 7 0 0 0
-9 -23 23 8 -2 -1 -4
-20 22 8 10 0 0 0
23 16 6 14 -1 1 -5
-12 17 -19 9 0 0 0
11 -21 22 11 0 -3 5
-11 -16 -12 12 0 0 0
1 -9 19 8 0 0 0
11 -19 24 2 0 0 0
15 -18 0 2 0 0 0
5 -9 20 19 -2 -5 -3
-9 24 11 17 0 0 0
-25 -7 -11 20 4 5 2
-15 13 -10 9 -4 5 2
19 -2 2 1 0 0 0
17 -22 1 21 0 0 0
9 10 -21 10 4 2 5
-18 -16 5 21 0 0 0
10 24 6 25 0 0 0
-23 -1 -10 15 3 -2 -4
5 -11 15 8 -1 -2 3
10 -22 -12 22 0 0 0
25 5 19 11 0 0 0
4 10 15 2 0 0 0
-22 -4 -9 8 0 0 0
-16 -23 12 3 -1 3 -5
-13 -19 -17 12 -5 -2 -3
4 -12 -24 19 0 2 -1
9 23 -23 6 -5 -3 1
-14 20 -16 8 0 0 0
-2 24 3 8 0 0 0
-24 16 -9 8 0 -2 5
-2 -25 23 10 0 0 0
-10 -2 3 9 2 -2 0
-17 15 16 5 0 0 0
12 5 -23 2 -4 3 0
-12 -20 -4 19 4 1 -1
16 25 11 2 -2 5 -1
-12 -9 2 25 0 0 0
9 -20 -8 15 -5 4 3
21 5 16 19 0 0 0
6 2 -25 21 0 0 0
-3 -21 -8 2 0 0 0
2 2 -11 25 0 0 0
-21 3 25 11 0 0 0
-7 -21 -5 5 0 0 0
-12 0 0 14 2 3 3
-7 20 22 6 0 0 0
-8 -3 -6 11 0 0 0
25 16 -17 3 0 0 0
14 8 -11 8 2 1 -2
4 17 12 2 -2 -5 -1
-1 -19 -21 19 -3 -1 -5
10 -20 4 17 5 3 -4
-23 -3 3 12 4 4 -5
-13 -23 15 9 0 0 0
-20 -5 8 1 0 3 5
4 25 -5 1 0 0 0
6 -11 18 4 0 0 0
-3 20 25 5 0 0 0
21 4 6 24 0 0 0
-7 7 13 22 -1 4 -4
8 -22 -9 7 0 0 0
0 23 15 7 0 0 0
-1 -23 0 23 2 4 1
-5 14 -9 10 0 0 0
-16 -12 -2 5 0 0 0
-7 7 24 25 0 0 0
25 -14 2 12 0 0 0
0 -22 -19 3 0 0 0
-4 -6 -16 1 -3 5 -5
-6 1 17 4 5 2 -2
25 20 -25 3 -2 -1 3
-11 -12 2 7 0 -2 2
7 2 15 16 3 -3 -5
-5 -23 -1 15 0 4 0
-21 9 -23 4 0 0 0
-7 -5 -11 9 -2 -3 2
25 -6 -2 21 0 0 0
-6 18 7 11 -3 1 -5
21 6 16 1 0 0 0
-11 -22 -16 6 0 0 0
-18 -22 25 17 0 0 0
-15 21 18 25 2 -1 0
21 22 -2 2 5 -2 -5
-18 -22 -4 15 0 0 0
7 -4 5 9 -5 0 0
19 11 -22 25 -3 -5 -2
1 13 19 5 4 0 2
11 -20 6 20 0 0 0
17 25 4 10 1 5 1
1 -16 12 13 0 0 0
-18 12 -5 17 3 2 1
-18 -4 -3 21 0 0 0
24 3 -15 12 -3 -5 3
-11 5 12 14 2 -4 -3
17 12 -1 10 0 0 0
1 24 2 3 -4 3 0
2 -16 25 17 0 -3 4
7 -15 13 5 0 0 0
-12 15 22 12 0 0 0
21 -3 -4 21 0 -4 -5
12 22 -25 6 -1 -5 5
-10 -19 -15 24 -2 1 0
-13 11 -11 2 4 -1 -1
20 20 16 11 0 0 0
-22 21 -10 10 0 0 0
-16 20 18 7 0 0 0
22 13 4 14 0 0 0
1 17 -3 12 -3 -4 0
-18 -19 20 9 4 -4 0
17 -19 9 23 0 0 0
-25 4 22 4 0 0 0
-14 16 23 4 0 0 0
0 9 -8 16 2 -4 4
25 -6 8 22 0 0 0
20 -23 -25 8 1 -3 -3
-5 -19 -2 6 3 -4 5
18 15 -11 2 0 0 0
1 -17 25 4 0 0 0
-5 5 -13 3 0 0 0
-1 -21 -8 23 4 -3 -5
-4 24 -24 14 0 0 0
9 2 8 17 0 0 0
-22 15 -25 19 -4 3 -4
22 5 -7 18 0 0 0
25 23 23 10 0 0 0
-20 21 8 3 4 5 0
-17 -10 -21 24 0 0 0
-7 -23 -6 9 0 0 0
20 -13 -25 21 0 0 0
24 9 8 18 4 2 1
-25 0 -6 12 0 0 0
7 23 18 3 0 0 0
3 -25 8 6 4 -3 1
-18 5 5 18 0 0 0
14 15 -21 13 0 0 0
-19 -25 -21 13 2 3 -2
25 8 13 14 0 0 0
-25 18 12 14 -3 -3 1
4 2 -23 6 -5 5 4
-24 11 21 24 0 0 0
11 -20 0 23 2 4 -4
11 0 1 8 0 0 0
-18 -21 4 5 0 -5 -4
-8 -8 -10 18 0 0 0
2 -21 21 6 0 0 0
21 -24 -23 10 0 0 0
-7 4 -9 7 0 0 0
10 18 16 11 -1 -3 3
-21 22 21 13 -1 -5 -5
-25 -24 -4 22 -5 -2 -3
23 9 7 7 0 0 0
20 -21 -23 1 0 -5 1
-25 17 -21 10 4 -5 -4
11 15 -23 16 0 0 0
3 8 11 13 -4 4 -4
20 25 15 9 0 0 0
-21 -7 -15 23 2 3 -5
-8 9 14 1 4 -5 3
-7 11 -5 5 3 1 -1
-24 -4 -4 20 0 0 0
15 5 -24 18 0 0 0
-4 20 -24 20 0 0 0
-12 -15 12 20 0 0 0
-6 -22 13 17 4 0 -5
5 25 -25 22 3 3 -4
13 -12 -25 3 -3 4 2
-13 -15 -20 17 0 0 0
-9 -20 8 7 3 -5 1
-23 3 25 4 -1 -2 5
12 8 -19 11 0 3 -5
20 -22 25 3 0 0 0
-22 -23 6 2 4 4 3
18 23 11 11 0 0 0
20 20 2 8 -4 1 5
0 -11 12 11 0 0 0
23 -9 3 14 0 2 -4
-4 22 -11 24 5 1 5
-14 7 23 18 0 0 0
-18 -23 -19 3 3 -5 0
-15 -22 12 10 0 0 0
14 -4 21 19 0 0 0
-11 18 17 2 0 0 0
19 -7 18 2 -2 1 2
1 -9 -9 2 0 0 0
24 14 -7 7 0 0 0
9 3 17 16 5 4 -2
-23 -12 -1 7 0 0 0
-22 -14 3 22 5 3 -3
25 8 24 19 -1 -4 -1
-24 21 25 6 0 0 0
14 14 -21 3 5 -2 -4
15 10 -14 5 0 0 0
4 -25 13 8 0 0 0
3 8 22 8 0 0 0
18 -21 -4 25 0 0 0
20 16 0 6 0 0 0
-14 -23 20 16 0 0 0
-25 13 -10 11 0 0 0
-18 -14 -17 10 0 0 0
250
-45 0 35 17 16 0 0
-38 0 54 2 -48 0 0
0 -82 -9 10 0 0 18
0 -61 94 11 0 0 90
-75 -14 0 18 0 -12 0
-94 13 0 1 0 -84 0
0 91 14 1 0 0 -15
0 71 64 20 0 0 30
-56 0 58 18 6 0 0
44 0 20 20 -12 0 0
70 81 0 12 0 11 0
90 -94 0 8 0 99 0
2 0 -46 12 -10 0 0
-85 0 -24 10 -40 0 0
-31 89 0 17 0 -13 0
-4 73 0 10 0 26 0
0 -76 -29 5 0 0 14
0 -51 -85 20 0 0 -70
0 38 -72 17 0 0 -17
0 9 8 12 0 0 68
0 -100 -41 7 0 0 -1
0 -79 -15 14 0 0 -54
25 -39 0 11 0 -11 0
52 -31 0 16 0 77 0
9 0 -81 13 13 0 0
27 0 -49 19 78 0 0
29 83 0 12 0 5 0
-2 -34 0 19 0 100 0
-94 -25 0 2 0 17 0
-75 -95 0 17 0 51 0
58 47 0 15 0 -4 0
87 -2 0 14 0 -56 0
0 63 -53 9 0 0 -3
0 73 98 1 0 0 -18
26 79 0 13 0 -5 0
-7 -28 0 20 0 -75 0
66 6 0 5 0 -18 0
91 -58 0 20 0 -72 0
41 85 0 16 0 16 0
18 -62 0 7 0 -48 0
-80 0 53 18 10 0 0
57 0 85 14 60 0 0
15 -86 0 5 0 17 0
36 8 0 16 0 -17 0
0 -45 -2 6 0 0 -3
0 -19 54 20 0 0 -60
0 21 87 5 0 0 -14
0 0 -83 16 0 0 0
56 49 0 14 0 -6 0
72 4 0 2 0 -78 0
1 -70 0 6 0 12 0
-19 79 0 14 0 -12 0
82 -43 0 20 0 7 0
49 -84 0 13 0 -14 0
0 31 -40 1 0 0 4
0 42 9 10 0 0 0
-50 5 0 4 0 -14 0
-44 75 0 2 0 -42 0
76 0 -31 7 17 0 0
23 0 -49 11 0 0 0
0 -75 77 17 0 0 2
0 -41 6 17 0 0 -4
-89 0 -99 8 -12 0 0
-94 0 -75 16 -96 0 0
-17 22 0 16 0 -17 0
-36 62 0 3 0 -17 0
-24 -44 0 20 0 17 0
10 -91 0 14 0 -51 0
-22 0 91 6 17 0 0
72 0 82 3 -51 0 0
77 0 -16 17 7 0 0
32 0 -45 12 98 0 0
0 49 26 18 0 0 -3
0 14 1 17 0 0 6
-4 0 8 18 -3 0 0
-42 0 -28 18 9 0 0
11 32 0 2 0 14 0
2 95 0 7 0 98 0
0 26 1 19 0 0 -18
0 6 -8 1 0 0 -90
-5 -15 0 3 0 6 0
15 -96 0 17 0 90 0
-30 0 -67 3 5 0 0
-53 0 -53 11 -70 0 0
-83 -59 0 5 0 19 0
-68 39 0 10 0 57 0
0 -78 66 3 0 0 -3
0 -94 49 13 0 0 57
0 -51 64 7 0 0 -13
0 -70 -90 12 0 0 52
23 0 30 3 -9 0 0
54 0 41 8 36 0 0
34 -46 0 19 0 19 0
14 65 0 1 0 38 0
-41 0 -81 5 19 0 0
37 0 -96 10 76 0 0
-77 -84 0 5 0 0 0
-91 -69 0 9 0 0 0
50 87 0 3 0 -17 0
61 -4 0 8 0 -17 0
100 0 10 2 -2 0 0
82 0 18 6 -10 0 0
-58 0 49 6 18 0 0
-91 0 26 17 -90 0 0
43 -73 0 15 0 15 0
70 37 0 12 0 -90 0
-2 79 0 19 0 -16 0
-27 95 0 6 0 48 0
-64 0 -84 8 15 0 0
-9 0 -99 7 -30 0 0
-44 0 -65 17 -17 0 0
70 0 -36 12 -51 0 0
-80 0 -77 12 15 0 0
39 0 -54 11 -90 0 0
-93 0 15 11 18 0 0
-74 0 28 2 18 0 0
0 -91 35 5 0 0 -2
0 -82 -32 4 0 0 -88
-87 0 -28 5 9 0 0
75 0 -6 17 -45 0 0
-32 29 0 1 0 -20 0
-44 -71 0 11 0 80 0
29 0 -28 10 -1 0 0
-89 0 -52 14 -69 0 0
0 65 18 16 0 0 4
0 85 -44 4 0 0 60
-72 0 -26 14 14 0 0
-40 0 -54 14 70 0 0
0 -89 92 4 0 0 18
0 -76 -12 9 0 0 36
-15 0 -14 7 9 0 0
-62 0 -39 18 -99 0 0
0 37 -58 6 0 0 12
0 56 -29 13 0 0 0
92 28 0 4 0 -15 0
97 -41 0 1 0 90 0
0 -3 92 14 0 0 -17
0 -36 -45 19 0 0 51
9 60 0 2 0 -6 0
-4 35 0 11 0 72 0
-30 0 -14 20 -3 0 0
-90 0 8 2 -60 0 0
0 -73 -67 2 0 0 -7
0 -51 -39 20 0 0 -63
0 -58 26 3 0 0 -13
0 -63 -81 2 0 0 78
0 2 -34 13 0 0 2
0 30 -67 15 0 0 26
97 4 0 12 0 15 0
67 -9 0 18 0 -30 0
98 23 0 10 0 10 0
68 -89 0 20 0 -70 0
28 50 0 13 0 -7 0
46 -36 0 5 0 7 0
0 99 -44 15 0 0 1
0 81 2 3 0 0 -71
0 51 -1 17 0 0 -12
0 18 80 16 0 0 48
0 4 -66 13 0 0 17
0 -28 -52 19 0 0 68
-59 0 89 15 4 0 0
79 0 54 20 -12 0 0
-98 0 -62 20 8 0 0
-12 0 -90 8 0 0 0
-31 0 32 19 -5 0 0
13 0 -1 14 60 0 0
50 -32 0 16 0 -1 0
23 -75 0 11 0 37 0
23 25 0 12 0 17 0
-6 37 0 17 0 68 0
72 0 52 3 10 0 0
-69 0 30 19 -30 0 0
-30 99 0 16 0 -6 0
-47 -2 0 1 0 -12 0
-36 0 -19 18 -7 0 0
-30 0 -52 15 14 0 0
4 -32 0 10 0 -11 0
-11 24 0 5 0 0 0
33 -1 0 14 0 20 0
-1 -90 0 20 0 -100 0
-26 -74 0 13 0 8 0
-1 82 0 12 0 -72 0
0 15 16 1 0 0 -11
0 22 24 6 0 0 -44
67 -27 0 16 0 -18 0
40 -84 0 11 0 0 0
5 0 -1 8 -8 0 0
-15 0 -17 8 0 0 0
0 -46 15 13 0 0 -19
0 -18 44 15 0 0 -95
-72 94 0 10 0 -1 0
-88 87 0 6 0 20 0
0 -66 -45 7 0 0 -6
0 -55 27 4 0 0 24
-43 0 -50 13 -10 0 0
98 0 -72 9 50 0 0
0 -12 -93 16 0 0 6
0 -48 37 20 0 0 96
-71 -56 0 13 0 19 0
-40 -52 0 18 0 0 0
-49 56 0 2 0 -5 0
-41 62 0 6 0 -50 0
0 -69 57 5 0 0 14
0 -51 -27 13 0 0 -98
43 0 3 3 -2 0 0
-11 0 -8 8 74 0 0
84 89 0 2 0 5 0
98 -50 0 12 0 -60 0
0 19 31 2 0 0 0
0 0 3 17 0 0 0
-7 0 -22 3 -14 0 0
81 0 -30 5 -84 0 0
-98 72 0 17 0 -1 0
-72 -89 0 9 0 33 0
91 0 -58 19 16 0 0
25 0 -22 17 64 0 0
-21 0 -65 19 -15 0 0
-48 0 -39 7 0 0 0
88 48 0 20 0 -8 0
51 -76 0 17 0 -32 0
-25 0 -24 11 -14 0 0
79 0 -54 19 84 0 0
0 18 -85 17 0 0 2
0 36 42 1 0 0 100
50 0 -5 6 12 0 0
-90 0 -24 13 -72 0 0
0 50 -9 5 0 0 -12
0 71 60 16 0 0 0
19 -75 0 18 0 -18 0
52 50 0 15 0 -72 0
-23 0 31 19 16 0 0
-56 0 9 3 0 0 0
0 -88 -60 20 0 0 19
0 -57 -89 11 0 0 95
-11 -47 0 1 0 6 0
-24 65 0 12 0 -72 0
-4 79 0 7 0 19 0
9 -27 0 6 0 -57 0
0 3 35 1 0 0 -9
0 22 -5 18 0 0 -90
52 23 0 10 0 -2 0
31 52 0 11 0 -58 0
40 -41 0 2 0 14 0
31 34 0 7 0 98 0
0 44 73 15 0 0 14
0 27 98 2 0 0 -70
75 0 8 3 3 0 0
-61 0 25 14 30 0 0
0 -46 -11 20 0 0 -16
0 -11 21 15 0 0 -16
30 0 -96 17 -15 0 0
-73 0 -68 11 -15 0 0
0 -69 66 5 0 0 1
0 -91 -79 17 0 0 -40
76 0 -8 16 14 0 0
22 0 28 20 -56 0 0
6 18 0 13 0 6 0
-11 -48 0 4 0 -42 0
20 -45 0 16 0 -14 0
1 61 0 3 0 56 0
-79 15 0 10 0 6 0
-49 79 0 20 0 -30 0
52 0 23 16 -5 0 0
35 0 47 8 60 0 0
-41 -3 0 12 0 16 0
-56 -51 0 3 0 48 0
0 -54 77 9 0 0 -19
0 -35 66 10 0 0 -95
0 78 23 11 0 0 -3
0 95 -17 6 0 0 81
34 61 0 14 0 14 0
7 85 0 13 0 14 0
34 -59 0 4 0 -1 0
52 -54 0 14 0 -89 0
0 85 -96 19 0 0 6
0 50 -12 16 0 0 -18
0 49 -22 1 0 0 -19
0 63 -44 13 0 0 19
0 65 0 6 0 0 1
0 47 45 12 0 0 -7
80 0 -100 5 12 0 0
-49 0 -88 7 0 0 0
-75 0 75 6 -17 0 0
-56 0 54 15 -51 0 0
-95 0 26 13 -14 0 0
7 0 -2 15 0 0 0
-87 0 -24 8 -8 0 0
-23 0 -38 6 8 0 0
-6 0 15 10 -13 0 0
18 0 27 2 26 0 0
0 82 -86 14 0 0 -18
0 57 -98 11 0 0 -90
-45 -9 0 8 0 -2 0
-62 -21 0 9 0 -90 0
77 -57 0 14 0 -9 0
49 -47 0 14 0 -18 0
0 -98 -19 16 0 0 5
0 -71 -33 11 0 0 0
35 95 0 17 0 -14 0
69 88 0 17 0 -98 0
22 -81 0 2 0 4 0
34 46 0 10 0 -88 0
79 -13 0 7 0 -9 0
59 -72 0 13 0 -99 0
0 14 -50 15 0 0 -11
0 -12 -6 11 0 0 0
-80 38 0 1 0 10 0
-99 33 0 18 0 0 0
0 -71 48 14 0 0 2
0 -54 -41 3 0 0 100
0 2 25 19 0 0 -11
0 -33 99 16 0 0 44
-95 0 -96 20 20 0 0
74 0 -65 11 -100 0 0
0 -16 -41 5 0 0 -13
0 -26 43 5 0 0 -26
0 54 31 8 0 0 3
0 65 -16 3 0 0 -24
0 -40 -44 9 0 0 -2
0 -60 -59 11 0 0 74
-69 0 -21 12 -6 0 0
74 0 -5 4 78 0 0
0 18 -50 2 0 0 9
0 6 -44 10 0 0 81
0 -83 13 8 0 0 -8
0 -62 -8 13 0 0 96
-73 0 80 16 -3 0 0
90 0 53 11 24 0 0
57 76 0 13 0 13 0
26 -74 0 18 0 91 0
0 83 -72 14 0 0 15
0 51 -11 18 0 0 -45
-55 23 0 10 0 14 0
-85 53 0 20 0 -42 0
-77 -85 0 2 0 13 0
-56 -67 0 19 0 26 0
22 0 -69 5 9 0 0
71 0 -45 19 72 0 0
-93 -81 0 9 0 0 0
-66 -66 0 18 0 0 0
0 89 -15 5 0 0 9
0 98 -50 4 0 0 -18
36 0 -30 15 -14 0 0
56 0 -57 12 -42 0 0
72 0 -18 7 7 0 0
-41 0 -37 12 98 0 0
13 0 51 3 6 0 0
76 0 44 4 0 0 0
32 0 -64 3 -1 0 0
74 0 -70 3 -20 0 0
0 39 9 12 0 0 4
0 17 -85 10 0 0 -32
-15 -43 0 5 0 -10 0
-39 47 0 19 0 -80 0
0 -11 -74 4 0 0 2
0 0 -29 7 0 0 -78
-83 0 -37 6 19 0 0
-8 0 -12 19 -76 0 0
97 69 0 5 0 -5 0
78 -16 0 14 0 10 0
-53 0 -98 7 -1 0 0
-30 0 -73 18 -35 0 0
55 0 -86 13 -1 0 0
-18 0 -56 17 21 0 0
-12 6 0 19 0 4 0
-47 39 0 16 0 64 0
0 8 -58 4 0 0 -20
0 -13 -39 17 0 0 -80
0 1 -46 5 0 0 2
0 21 -67 15 0 0 12
-95 0 22 5 9 0 0
100 0 38 11 72 0 0
0 55 55 8 0 0 -5
0 78 -78 15 0 0 10
-9 -65 0 8 0 15 0
6 -6 0 7 0 -15 0
-95 -66 0 2 0 17 0
-77 -89 0 16 0 68 0
12 79 0 11 0 -14 0
30 -66 0 7 0 -14 0
93 0 26 12 4 0 0
-99 0 39 1 8 0 0
-99 0 18 1 -16 0 0
-40 0 11 6 48 0 0
0 -16 54 11 0 0 -17
0 -44 47 17 0 0 17
100 -10 0 2 0 20 0
84 56 0 14 0 -60 0
57 0 -73 8 -16 0 0
27 0 -57 8 16 0 0
-40 -5 0 4 0 18 0
-56 -16 0 12 0 0 0
-36 0 -26 8 2 0 0
55 0 -42 8 -38 0 0
0 79 7 2 0 0 15
0 58 100 19 0 0 75
0 66 -75 13 0 0 0
0 37 -2 16 0 0 0
0 61 36 5 0 0 -20
0 86 78 20 0 0 20
0 75 69 5 0 0 20
0 62 -65 8 0 0 40
-79 0 27 11 8 0 0
-71 0 13 3 64 0 0
13 67 0 3 0 -13 0
6 76 0 4 0 78 0
83 0 57 12 -3 0 0
-16 0 85 16 99 0 0
77 0 -85 4 4 0 0
73 0 -65 16 0 0 0
0 -92 42 20 0 0 -13
0 -67 -1 5 0 0 -26
-63 0 -89 14 -8 0 0
-6 0 -68 7 -40 0 0
0 87 82 15 0 0 -13
0 66 5 6 0 0 -39
0 32 58 17 0 0 -19
0 56 -71 7 0 0 0
0 89 73 6 0 0 -15
0 63 88 20 0 0 -45
98 -99 0 14 0 -3 0
83 -52 0 1 0 84 0
5 0 39 4 -4 0 0
18 0 17 18 -12 0 0
84 -32 0 13 0 19 0
64 -51 0 7 0 -38 0
1 0 43 17 16 0 0
44 0 70 10 -32 0 0
0 -94 65 19 0 0 -9
0 -72 84 3 0 0 -99
-11 82 0 8 0 4 0
0 -96 0 3 0 88 0
3 58 0 12 0 11 0
-28 -4 0 19 0 -11 0
-4 -8 0 15 0 0 0
-31 -81 0 12 0 0 0
-100 39 0 6 0 -11 0
-93 -95 0 1 0 -33 0
-16 0 86 5 -13 0 0
61 0 94 3 39 0 0
20 59 0 15 0 -10 0
45 -34 0 10 0 -20 0
32 0 -89 10 -13 0 0
-12 0 -77 2 -13 0 0
0 28 26 10 0 0 9
0 48 -48 10 0 0 -54
6 15 0 2 0 -9 0
13 -70 0 5 0 90 0
0 63 -70 19 0 0 8
0 95 74 13 0 0 -64
-34 83 0 6 0 0 0
-59 30 0 19 0 0 0
34 0 -21 15 -14 0 0
-95 0 9 15 -56 0 0
0 -76 99 3 0 0 -18
0 -80 -84 1 0 0 -72
55 62 0 10 0 14 0
40 70 0 5 0 -84 0
0 -7 -99 7 0 0 7
0 7 -17 7 0 0 91
-42 53 0 3 0 11 0
-24 -87 0 15 0 -77 0
1 44 0 17 0 -1 0
-22 77 0 6 0 61 0
0 -49 -92 15 0 0 -7
0 -30 12 4 0 0 -49
17 88 0 12 0 -16 0
46 -73 0 17 0 -16 0
33 61 0 9 0 12 0
23 -83 0 1 0 48 0
-4 0 -94 4 -18 0 0
-85 0 -70 20 -36 0 0
-36 -100 0 1 0 3 0
-31 -58 0 4 0 -60 0
-33 33 0 10 0 18 0
-16 44 0 7 0 -90 0
-28 0 -47 1 -11 0 0
-89 0 -42 4 66 0 0
-94 0 30 12 8 0 0
82 0 8 10 16 0 0
-30 18 0 19 0 7 0
-69 67 0 20 0 -7 0
-18 -19 0 11 0 10 0
-31 -10 0 2 0 80 0
-67 0 42 2 -19 0 0
-9 0 36 4 0 0 0
46 -43 0 19 0 6 0
16 -61 0 11 0 90 0
44 -74 0 20 0 -12 0
4 -94 0 20 0 12 0
-91 10 0 19 0 4 0
-70 -13 0 2 0 48 0
0 -97 22 4 0 0 18
0 -89 -79 4 0 0 -54
-53 33 0 4 0 7 0
-64 -100 0 7 0 63 0
-64 0 65 4 4 0 0
-16 0 87 18 32 0 0
5 100 0 1 0 3 0
7 22 0 1 0 -15 0
