350
15 12
4.61517333984375 5.64056396484375
7.91259765625 9.871826171875
8.2086181640625 3.9300537109375
9.44915771484375 5.20721435546875
4.8876953125 8.27850341796875
5.921630859375 9.20745849609375
6.71478271484375 9.06646728515625
1.48681640625 8.50982666015625
1.45965576171875 4.94354248046875
9.3218994140625 1.20452880859375
6.98486328125 0.92041015625
3.59832763671875 2.16339111328125
1.51092529296875 8.824462890625
4.3670654296875 9.638671875
0.0726318359375 9.17999267578125
9 5
3.2733154296875 7.305908203125
6.18377685546875 1.697998046875
8.492431640625 3.7567138671875
9.04327392578125 0.8770751953125
4.498291015625 4.6612548828125
0.911865234375 7.48291015625
0.17578125 4.75616455078125
8.4039306640625 4.1949462890625
4.913330078125 8.59710693359375
5 3
5.14190673828125 7.13104248046875
3.6981201171875 8.341064453125
0.53466796875 3.121337890625
0.25604248046875 1.97509765625
9.02801513671875 1.50726318359375
11 1
6.9287109375 9.68231201171875
2.347412109375 3.36761474609375
2.8851318359375 2.7252197265625
4.64324951171875 9.72686767578125
1.5087890625 1.4263916015625
1.7962646484375 7.57843017578125
2.7734375 4.91180419921875
4.285888671875 6.9171142578125
7.4029541015625 3.88702392578125
6.36749267578125 0.85845947265625
3.39996337890625 7.29766845703125
2 2
4.59930419921875 6.1395263671875
5.5072021484375 3.48114013671875
16 12
0.19622802734375 1.50299072265625
2.8753662109375 1.2353515625
8.65997314453125 4.063720703125
4.248046875 1.2225341796875
2.5750732421875 2.11395263671875
6.43402099609375 8.486328125
0.82122802734375 2.7490234375
1.94061279296875 9.12384033203125
9.254150390625 0.96771240234375
3.0828857421875 9.26116943359375
5.27984619140625 2.191162109375
5.67108154296875 0.2410888671875
3.54644775390625 1.44500732421875
2.718505859375 3.7518310546875
1.80908203125 2.01324462890625
9.73114013671875 2.20672607421875
16 8
0.274658203125 5.09307861328125
8.32061767578125 8.182373046875
7.1844482421875 7.7508544921875
8.3282470703125 9.78240966796875
0.81695556640625 1.6546630859375
1.922607421875 3.9605712890625
0.76019287109375 2.30072021484375
4.82666015625 1.9140625
3.331298828125 6.0162353515625
7.22320556640625 0.596923828125
0.1513671875 5.4833984375
3.4356689453125 4.93621826171875
7.755126953125 2.15576171875
0.9222412109375 2.09259033203125
1.05072021484375 7.13623046875
3.9007568359375 1.83990478515625
11 9
0.2178955078125 7.491455078125
6.52801513671875 1.08184814453125
4.7314453125 9.94842529296875
6.4971923828125 3.15765380859375
0.540771484375 2.4456787109375
1.126708984375 7.22412109375
1.52862548828125 8.76800537109375
7.75665283203125 0.17059326171875
5.29296875 6.3238525390625
8.563232421875 7.27081298828125
5.60760498046875 0.00640869140625
16 8
6.7047119140625 8.52752685546875
8.0072021484375 4.6600341796875
4.61578369140625 4.43511962890625
2.63153076171875 9.9371337890625
2.7593994140625 3.8018798828125
5.9698486328125 7.10845947265625
5.17425537109375 8.30535888671875
6.6094970703125 4.55841064453125
9.271240234375 3.023681640625
2.38525390625 4.56634521484375
5.85205078125 7.62481689453125
3.06854248046875 6.49749755859375
5.7928466796875 7.57354736328125
2.99285888671875 0.16693115234375
6.195068359375 6.920166015625
8.93798828125 3.4442138671875
7 6
9.61273193359375 2.01751708984375
9.81536865234375 0.63568115234375
2.7752685546875 5.83221435546875
3.404541015625 9.94537353515625
9.08660888671875 0.758056640625
7.30194091796875 1.46820068359375
7.159423828125 1.7620849609375
8 6
9.02801513671875 1.96685791015625
8.89678955078125 6.05804443359375
0.14923095703125 7.8643798828125
9.6124267578125 0.11260986328125
5.10406494140625 4.47845458984375
6.839599609375 2.71148681640625
8.00079345703125 3.1011962890625
0.84747314453125 5.6109619140625
8 5
0.1239013671875 6.58355712890625
3.4619140625 0.73089599609375
0.1873779296875 8.1011962890625
0.2899169921875 6.59271240234375
2.09869384765625 8.26934814453125
8.89495849609375 2.9998779296875
7.5567626953125 3.8134765625
8.6358642578125 8.2684326171875
5 3
0.45745849609375 9.53887939453125
0.69427490234375 1.84844970703125
0.06561279296875 8.74847412109375
2.57598876953125 6.83197021484375
5.7501220703125 2.2332763671875
9 1
0.6982421875 0.05126953125
3.7127685546875 4.33929443359375
2.30987548828125 9.79949951171875
5.27008056640625 3.6090087890625
3.63037109375 5.57586669921875
7.3388671875 3.36822509765625
3.97674560546875 3.10791015625
6.70745849609375 6.3421630859375
0.89996337890625 7.557373046875
12 10
4.5025634765625 9.06219482421875
7.53662109375 3.9111328125
9.6234130859375 2.29217529296875
6.9342041015625 3.86810302734375
9.0740966796875 4.6649169921875
1.56646728515625 2.9412841796875
8.27667236328125 1.79473876953125
3.95233154296875 0.49346923828125
3.385009765625 7.49114990234375
0.85052490234375 6.68243408203125
7.62298583984375 5.99273681640625
2.8131103515625 5.05340576171875
2 2
6.1248779296875 1.96807861328125
7.72735595703125 9.932861328125
11 4
5.99212646484375 1.89117431640625
6.60400390625 0.7000732421875
2.31781005859375 4.921875
2.21343994140625 7.601318359375
6.9305419921875 5.6231689453125
5.02655029296875 8.80462646484375
1.20880126953125 8.67279052734375
9.57122802734375 0.04730224609375
4.97802734375 8.48724365234375
5.9222412109375 6.13037109375
3.760986328125 3.71673583984375
8 6
0.64544677734375 3.31878662109375
5.0665283203125 0.35888671875
8.35845947265625 1.28143310546875
1.09649658203125 2.8466796875
8.16619873046875 3.03009033203125
3.367919921875 0.37506103515625
1.87103271484375 5.09796142578125
1.4654541015625 1.63543701171875
11 7
1.30828857421875 5.8795166015625
5.14129638671875 2.6446533203125
6.62689208984375 3.1280517578125
9.508056640625 4.04052734375
0.45623779296875 3.07830810546875
8.8763427734375 7.6727294921875
6.16424560546875 0.69183349609375
8.17108154296875 4.33837890625
9.64599609375 8.424072265625
4.60205078125 3.6834716796875
3.13995361328125 1.0296630859375
11 5
5.770263671875 7.42584228515625
5.10101318359375 0.7861328125
2.69195556640625 9.81201171875
5.7733154296875 3.42010498046875
6.40289306640625 7.14141845703125
8.49822998046875 0.8148193359375
8.389892578125 6.0308837890625
5.18585205078125 6.9512939453125
2.57232666015625 2.13165283203125
1.66290283203125 1.01531982421875
6.40045166015625 3.077392578125
7 2
3.9111328125 4.63775634765625
1.08184814453125 2.43438720703125
1.650390625 3.20068359375
8.8983154296875 1.92596435546875
3.98040771484375 4.90875244140625
4.342041015625 3.912353515625
3.01025390625 3.02764892578125
9 2
3.55743408203125 7.57598876953125
7.90130615234375 6.280517578125
8.58001708984375 7.860107421875
1.0107421875 5.00732421875
8.41033935546875 9.81231689453125
2.40753173828125 4.3115234375
4.25445556640625 8.29437255859375
7.06207275390625 5.61309814453125
7.85400390625 5.0799560546875
8 4
5.40679931640625 9.697265625
5.34393310546875 2.083740234375
8.1256103515625 4.31610107421875
8.4954833984375 5.6085205078125
6.60003662109375 7.781982421875
3.32366943359375 9.76226806640625
5.27496337890625 7.196044921875
2.2222900390625 1.2738037109375
16 3
5.9063720703125 6.90643310546875
3.23822021484375 2.90191650390625
2.9681396484375 5.49468994140625
5.04852294921875 4.06341552734375
1.75811767578125 6.1505126953125
0.4608154296875 0.31646728515625
1.6424560546875 2.225341796875
0.0701904296875 2.92755126953125
4.66827392578125 5.045166015625
2.50213623046875 3.2122802734375
0.30975341796875 0.91766357421875
9.6380615234375 8.1097412109375
5.00152587890625 3.7860107421875
4.90753173828125 6.55487060546875
9.268798828125 5.08819580078125
9.959716796875 0.71441650390625
6 4
5.68206787109375 6.09375
9.0802001953125 8.330078125
8.3294677734375 2.94891357421875
6.63848876953125 3.7225341796875
0.62591552734375 2.61260986328125
2.071533203125 1.905517578125
10 6
8.212890625 0.20416259765625
0.91033935546875 7.53631591796875
0.07415771484375 4.27032470703125
4.07867431640625 8.98193359375
1.73248291015625 4.7662353515625
5.80841064453125 5.25390625
5.19256591796875 7.5762939453125
7.74749755859375 8.5028076171875
7.7191162109375 4.7601318359375
7.16094970703125 1.60736083984375
5 3
5.67108154296875 7.71240234375
7.3114013671875 5.8343505859375
9.84405517578125 9.464111328125
9.50042724609375 6.17279052734375
0.39520263671875 6.2554931640625
7 1
7.14080810546875 7.18475341796875
3.26507568359375 6.8133544921875
4.52545166015625 0.14251708984375
0.562744140625 1.89666748046875
1.88385009765625 9.63836669921875
9.17755126953125 9.2950439453125
6.3067626953125 7.4725341796875
2 1
6.3995361328125 6.2237548828125
1.38671875 9.68109130859375
15 15
6.13525390625 9.23828125
5.362548828125 4.64874267578125
6.9329833984375 5.29083251953125
2.666015625 3.95263671875
2.586669921875 6.014404296875
2.30682373046875 5.0048828125
3.27301025390625 1.11572265625
9.447021484375 4.4744873046875
7.52716064453125 4.37042236328125
9.62005615234375 0.17852783203125
3.63861083984375 0.67962646484375
3.81134033203125 7.0965576171875
7.8668212890625 2.6776123046875
4.884033203125 9.33807373046875
4.78240966796875 0.9527587890625
10 4
6.44561767578125 5.12359619140625
3.995361328125 9.67010498046875
9.754638671875 1.2347412109375
7.40997314453125 4.5916748046875
8.2623291015625 9.586181640625
9.658203125 9.161376953125
0.94146728515625 1.3885498046875
7.71820068359375 5.61431884765625
6.5789794921875 8.80279541015625
4.54620361328125 1.7657470703125
6 1
7.261962890625 9.061279296875
1.59576416015625 2.9052734375
9.1082763671875 4.4927978515625
8.18939208984375 7.05780029296875
7.0562744140625 2.8106689453125
6.61407470703125 2.056884765625
3 3
5.04608154296875 7.90863037109375
9.1143798828125 1.18988037109375
7.6654052734375 5.791015625
3 2
4.710693359375 3.85528564453125
9.4989013671875 6.2213134765625
1.4373779296875 5.6103515625
12 2
7.9302978515625 9.19219970703125
7.7978515625 0.504150390625
4.72198486328125 6.34246826171875
9.80682373046875 5.99212646484375
8.02947998046875 4.15771484375
1.99554443359375 5.9808349609375
8.028564453125 5.37689208984375
1.346435546875 8.92059326171875
6.1700439453125 0.24383544921875
8.3447265625 4.710693359375
3.70025634765625 7.1917724609375
6.171875 3.36090087890625
1 1
4.97833251953125 1.71875
3 3
4.10675048828125 6.36962890625
9.84222412109375 6.546630859375
6.351318359375 8.33038330078125
7 5
1.40777587890625 4.93560791015625
7.4267578125 9.884033203125
0.25360107421875 8.3172607421875
4.41741943359375 6.82281494140625
7.75604248046875 4.70123291015625
7.0489501953125 8.20526123046875
1.89178466796875 9.1070556640625
2 1
4.4293212890625 4.4384765625
9.40643310546875 3.90655517578125
7 6
9.8162841796875 2.24029541015625
4.892578125 8.42926025390625
4.54498291015625 7.4005126953125
6.07940673828125 0.74310302734375
2.342529296875 2.7020263671875
5.36407470703125 3.51348876953125
3.5821533203125 6.05255126953125
7 7
3.71368408203125 0.42144775390625
2.15576171875 6.94061279296875
0.93841552734375 3.9422607421875
4.77752685546875 3.21319580078125
8.6322021484375 4.54833984375
2.22900390625 2.05718994140625
1.49566650390625 8.8079833984375
11 2
9.44915771484375 1.68243408203125
0.53009033203125 2.67059326171875
9.2169189453125 8.6181640625
4.4610595703125 6.2921142578125
3.22235107421875 8.653564453125
8.2196044921875 3.36517333984375
7.13409423828125 0.99884033203125
0.52703857421875 3.6669921875
8.79364013671875 5.60821533203125
6.07635498046875 4.4525146484375
7.43804931640625 6.77032470703125
12 6
3.24920654296875 3.939208984375
0.653076171875 3.023681640625
6.7889404296875 2.62237548828125
9.4525146484375 3.81683349609375
7.61932373046875 6.1468505859375
3.897705078125 6.22589111328125
0.7562255859375 2.850341796875
3.824462890625 1.1968994140625
7.0001220703125 4.41680908203125
6.92047119140625 2.44842529296875
9.8486328125 1.39495849609375
3.419189453125 8.641357421875
4 3
8.233642578125 9.0057373046875
3.96820068359375 1.80938720703125
1.405029296875 4.3511962890625
2.04620361328125 9.1607666015625
9 1
9.70001220703125 8.590087890625
8.75396728515625 0.3729248046875
6.34796142578125 9.437255859375
1.59332275390625 2.449951171875
8.11676025390625 0.77667236328125
5.70404052734375 1.53045654296875
9.23187255859375 4.56512451171875
6.31439208984375 3.63525390625
1.52130126953125 0.65673828125
9 4
7.4127197265625 4.9041748046875
0.61614990234375 4.89288330078125
4.908447265625 0.07080078125
2.72003173828125 4.06982421875
6.01104736328125 5.570068359375
5.68145751953125 9.17236328125
1.65252685546875 7.066650390625
2.11944580078125 8.50128173828125
3.45947265625 5.09674072265625
13 5
6.99798583984375 6.23992919921875
3.75640869140625 1.76483154296875
2.21282958984375 4.0045166015625
4.549560546875 4.17327880859375
9.46929931640625 2.24700927734375
9.41680908203125 1.90277099609375
5.9503173828125 3.817138671875
1.6094970703125 4.791259765625
8.3563232421875 4.9658203125
8.31695556640625 8.4454345703125
3.35052490234375 0.25909423828125
7.17498779296875 0.958251953125
8.6492919921875 5.5572509765625
6 1
7.35076904296875 6.2335205078125
3.6224365234375 8.61602783203125
9.3377685546875 3.5174560546875
6.58599853515625 1.6259765625
5.56060791015625 6.21795654296875
2.9901123046875 3.05755615234375
2 2
1.3812255859375 7.913818359375
5.27374267578125 9.56207275390625
6 5
9.4879150390625 5.2288818359375
3.814697265625 6.3092041015625
2.03277587890625 6.348876953125
0.61614990234375 6.1431884765625
9.64874267578125 8.65142822265625
8.74603271484375 5.17669677734375
3 3
0.13824462890625 1.94183349609375
7.52655029296875 4.090576171875
0.53131103515625 9.544677734375
7 5
8.7994384765625 0.709228515625
7.68829345703125 7.059326171875
7.72430419921875 5.2880859375
1.23870849609375 0.50384521484375
7.2314453125 0.858154296875
1.417236328125 1.82373046875
0.1483154296875 4.15496826171875
3 3
7.6031494140625 9.7406005859375
3.30963134765625 4.91943359375
1.35711669921875 8.59100341796875
3 3
0.63262939453125 4.071044921875
8.8519287109375 6.3262939453125
2.13836669921875 3.9361572265625
8 2
6.1627197265625 1.66015625
9.25018310546875 8.52447509765625
6.690673828125 2.85308837890625
1.49993896484375 1.80999755859375
4.1748046875 6.05682373046875
1.893310546875 9.6966552734375
6.06689453125 5.4632568359375
3.21197509765625 2.77252197265625
12 2
6.81396484375 3.95660400390625
0.87921142578125 4.27215576171875
8.9697265625 3.1732177734375
1.90032958984375 8.02947998046875
8.741455078125 6.21429443359375
9.241943359375 6.00311279296875
6.64031982421875 1.61102294921875
2.12158203125 1.11358642578125
7.1893310546875 0.9344482421875
5.3997802734375 5.05340576171875
1.4892578125 7.35260009765625
5.16326904296875 7.7886962890625
10 1
3.629150390625 4.639892578125
9.44183349609375 9.75006103515625
5.0311279296875 4.53216552734375
3.11492919921875 1.748046875
0.78704833984375 9.61090087890625
8.04534912109375 4.83612060546875
2.7484130859375 5.45989990234375
9.068603515625 4.74639892578125
8.00079345703125 2.97607421875
2.03460693359375 3.3111572265625
3 3
4.871826171875 0.89263916015625
3.3984375 1.76849365234375
1.21734619140625 7.52899169921875
2 2
4.085693359375 2.89825439453125
1.07513427734375 9.747314453125
14 11
0.64361572265625 1.90185546875
4.88677978515625 5.2783203125
2.1929931640625 3.795166015625
7.10205078125 2.3883056640625
7.27142333984375 6.30950927734375
5.39398193359375 2.76123046875
2.14324951171875 8.50738525390625
4.0057373046875 4.3768310546875
5.74615478515625 9.94781494140625
0.14404296875 2.96234130859375
3.85223388671875 9.451904296875
3.93280029296875 3.38531494140625
1.14044189453125 0.137939453125
9.5562744140625 7.4737548828125
9 3
5.03448486328125 5.45654296875
6.2457275390625 3.526611328125
0.29205322265625 6.5106201171875
6.2939453125 2.6763916015625
8.1805419921875 7.16278076171875
0.38848876953125 5.2276611328125
7.05841064453125 7.830810546875
5.79742431640625 8.8140869140625
0.70709228515625 2.11578369140625
1 1
1.7791748046875 2.68402099609375
5 4
6.116943359375 8.0047607421875
3.14727783203125 3.38134765625
6.4520263671875 8.64990234375
4.63836669921875 3.49334716796875
7.77130126953125 3.497314453125
6 3
1.97967529296875 0.1409912109375
9.361572265625 1.4788818359375
8.11004638671875 7.31109619140625
3.29833984375 6.94305419921875
9.053955078125 4.98626708984375
1.19140625 3.182373046875
14 11
9.4970703125 2.05657958984375
0.9332275390625 2.64190673828125
3.49151611328125 5.04119873046875
7.01690673828125 9.4537353515625
7.3406982421875 2.2222900390625
4.54376220703125 3.9007568359375
0.2001953125 3.187255859375
8.58428955078125 4.27398681640625
1.69342041015625 0.57586669921875
1.6925048828125 6.490478515625
8.33221435546875 7.064208984375
4.205322265625 9.4451904296875
8.70941162109375 6.0382080078125
3.4686279296875 3.58734130859375
9 5
9.21539306640625 9.21356201171875
6.91070556640625 8.21929931640625
3.665771484375 6.4910888671875
3.67950439453125 0.643310546875
2.598876953125 7.89276123046875
4.4219970703125 4.92095947265625
6.20513916015625 9.88372802734375
3.63372802734375 0.89263916015625
9.98870849609375 5.877685546875
13 3
0.32073974609375 7.5836181640625
1.1737060546875 4.010009765625
0.45745849609375 3.91571044921875
7.127685546875 5.7696533203125
2.89581298828125 3.7030029296875
5.6976318359375 8.54949951171875
2.2296142578125 3.24676513671875
2.73040771484375 5.557861328125
1.5936279296875 9.86785888671875
1.09161376953125 8.70849609375
8.7078857421875 5.01861572265625
7.5836181640625 9.12445068359375
0.61798095703125 1.31866455078125
14 8
7.83843994140625 0.9796142578125
0.11138916015625 8.90106201171875
3.426513671875 3.82171630859375
5.755615234375 0.49102783203125
9.981689453125 9.49859619140625
4.74945068359375 9.2852783203125
4.7283935546875 6.49749755859375
6.14654541015625 9.57275390625
5.4498291015625 4.5220947265625
6.680908203125 8.61663818359375
2.95867919921875 8.326416015625
5.5145263671875 3.66302490234375
6.32415771484375 3.2861328125
3.76953125 4.5916748046875
8 5
4.58648681640625 4.53521728515625
1.126708984375 6.56646728515625
6.02447509765625 1.05560302734375
8.53546142578125 5.0115966796875
3.929443359375 1.85882568359375
9.8553466796875 8.00811767578125
9.638671875 3.9349365234375
6.1126708984375 1.48468017578125
11 8
4.7747802734375 3.45703125
6.60400390625 1.2969970703125
4.67437744140625 7.59674072265625
8.392333984375 6.14013671875
1.02264404296875 1.40625
1.93511962890625 9.99359130859375
7.83447265625 0.40618896484375
2.97943115234375 3.68621826171875
3.409423828125 2.3370361328125
5.3778076171875 9.43450927734375
4.7735595703125 0.091552734375
13 4
5.42572021484375 9.91424560546875
8.56536865234375 1.724853515625
3.51593017578125 3.50982666015625
4.90142822265625 9.180908203125
8.26141357421875 8.42254638671875
1.25213623046875 1.25518798828125
5.47393798828125 6.029052734375
2.04864501953125 3.9776611328125
4.10003662109375 3.38226318359375
9.45465087890625 5.88043212890625
8.4710693359375 2.70721435546875
6.13800048828125 5.93719482421875
5.73272705078125 5.36468505859375
10 7
3.94989013671875 7.2119140625
2.33367919921875 5.6195068359375
4.686279296875 1.0809326171875
5.013427734375 7.16156005859375
3.99200439453125 3.33953857421875
1.7919921875 3.916015625
9.1973876953125 1.103515625
9.00360107421875 8.8385009765625
0.55999755859375 1.22283935546875
8.231201171875 5.77789306640625
7 6
1.1065673828125 0.8526611328125
1.04095458984375 5.72601318359375
0.32989501953125 2.3138427734375
8.65875244140625 8.68621826171875
8.55987548828125 2.640380859375
3.58642578125 3.309326171875
5.08514404296875 6.041259765625
16 11
5.30517578125 1.0546875
5.418701171875 7.5048828125
0.66680908203125 3.0517578125
4.88922119140625 3.58642578125
6.3067626953125 2.3895263671875
4.37469482421875 3.8262939453125
5.9246826171875 3.2464599609375
0.50384521484375 5.84320068359375
9.149169921875 4.28070068359375
9.6697998046875 8.3526611328125
1.14837646484375 1.04888916015625
7.02667236328125 5.4296875
6.087646484375 6.87896728515625
0.11199951171875 6.88751220703125
2.24853515625 8.7677001953125
7.41424560546875 3.8287353515625
14 6
2.415771484375 4.31396484375
0.87127685546875 8.4429931640625
7.00103759765625 3.4991455078125
4.51416015625 3.86016845703125
1.88629150390625 4.9053955078125
3.69110107421875 1.39556884765625
8.3197021484375 5.770263671875
8.746337890625 8.848876953125
1.4044189453125 0.28167724609375
3.6236572265625 9.8626708984375
8.790283203125 4.7515869140625
6.59881591796875 2.972412109375
9.77813720703125 1.5570068359375
4.7064208984375 9.5819091796875
4 4
8.1781005859375 3.39141845703125
6.929931640625 3.2464599609375
5.09796142578125 7.35015869140625
1.5435791015625 8.0029296875
14 6
9.78302001953125 0.62896728515625
7.26226806640625 1.505126953125
6.3836669921875 3.82293701171875
5.58746337890625 2.1258544921875
9.783935546875 1.68365478515625
6.279296875 1.8560791015625
1.28814697265625 6.74713134765625
7.3797607421875 4.622802734375
9.959716796875 4.28955078125
0.6634521484375 7.29400634765625
3.61785888671875 0.58441162109375
3.11431884765625 6.5008544921875
4.62005615234375 6.806640625
1.46759033203125 6.260986328125
1 1
6.37237548828125 7.0477294921875
3 3
8.6846923828125 0.06195068359375
4.93988037109375 2.37396240234375
1.5777587890625 1.319580078125
9 8
3.63739013671875 3.87115478515625
7.82318115234375 9.8553466796875
3.5540771484375 3.6920166015625
2.71514892578125 2.91595458984375
8.759765625 2.1185302734375
3.68377685546875 6.12823486328125
6.1785888671875 2.46551513671875
3.52447509765625 7.88818359375
5.27435302734375 7.3809814453125
11 11
3.04718017578125 1.00830078125
9.8046875 5.2545166015625
8.7542724609375 7.60711669921875
1.2884521484375 9.63775634765625
1.0736083984375 8.32550048828125
3.8604736328125 4.47967529296875
8.65814208984375 9.8828125
4.3194580078125 3.509521484375
2.94403076171875 5.107421875
7.77923583984375 5.5914306640625
9.725341796875 4.451904296875
14 4
6.8792724609375 3.0767822265625
2.7093505859375 9.7955322265625
3.60626220703125 2.90008544921875
0.0439453125 6.92901611328125
6.1431884765625 9.43328857421875
0.13824462890625 1.1761474609375
8.97186279296875 6.7578125
3.17626953125 9.70489501953125
2.42828369140625 3.34136962890625
0.32012939453125 4.32830810546875
0.18096923828125 5.86029052734375
3.499755859375 8.3795166015625
9.85137939453125 3.58306884765625
3.50799560546875 8.6871337890625
7 2
9.09088134765625 1.5911865234375
6.0675048828125 4.9639892578125
1.5283203125 6.38671875
0.22125244140625 2.29278564453125
3.941650390625 4.6380615234375
2.92144775390625 0.052490234375
8.4124755859375 1.97845458984375
1 1
2.840576171875 4.7314453125
16 9
5.91461181640625 4.061279296875
0.26611328125 6.25457763671875
9.864501953125 3.15093994140625
9.41497802734375 1.839599609375
7.1600341796875 9.67926025390625
2.8863525390625 7.35382080078125
7.5390625 3.65509033203125
7.98248291015625 3.9031982421875
3.6468505859375 4.25750732421875
0.82427978515625 7.1539306640625
1.39801025390625 9.99755859375
2.113037109375 1.2957763671875
4.3426513671875 6.8695068359375
8.92974853515625 4.89593505859375
2.35015869140625 3.55224609375
5.379638671875 0.21270751953125
7 2
2.01446533203125 1.483154296875
2.2418212890625 3.38409423828125
1.9622802734375 8.431396484375
2.75848388671875 2.5335693359375
8.0584716796875 2.57415771484375
3.8385009765625 6.36749267578125
2.5439453125 9.5361328125
13 9
3.80950927734375 7.37030029296875
5.3131103515625 8.31787109375
5.67596435546875 8.87451171875
5.29022216796875 7.51556396484375
2.9022216796875 6.1151123046875
6.6741943359375 4.4573974609375
7.56622314453125 9.346923828125
4.232177734375 3.2440185546875
7.15423583984375 1.74163818359375
6.56097412109375 8.7554931640625
0.020751953125 4.25567626953125
7.72796630859375 2.97393798828125
2.66510009765625 5.052490234375
4 2
8.48236083984375 4.3768310546875
4.6893310546875 3.5882568359375
0.91094970703125 1.29364013671875
4.86724853515625 9.66552734375
12 10
6.99066162109375 2.12677001953125
9.42962646484375 1.9610595703125
8.32672119140625 0.5096435546875
5.64361572265625 3.62579345703125
9.22882080078125 9.66400146484375
3.944091796875 7.3907470703125
4.06341552734375 0.38360595703125
5.27435302734375 5.45013427734375
6.17584228515625 7.8521728515625
3.42559814453125 3.408203125
2.81890869140625 3.10821533203125
1.8878173828125 5.9759521484375
15 15
6.00128173828125 5.59967041015625
2.53509521484375 6.953125
5.77545166015625 4.832763671875
0.82794189453125 9.117431640625
3.094482421875 6.614990234375
8.7359619140625 2.2119140625
3.60809326171875 4.9200439453125
6.56890869140625 3.61419677734375
5.2679443359375 0.643310546875
2.38800048828125 1.89697265625
9.07684326171875 5.6060791015625
1.24176025390625 5.3778076171875
4.69940185546875 1.971435546875
8.16986083984375 9.35272216796875
9.99969482421875 9.88189697265625
8 8
6.7669677734375 0.57586669921875
0.234375 7.62603759765625
2.476806640625 3.46435546875
9.0350341796875 6.26983642578125
9.0869140625 2.98492431640625
1.50299072265625 8.5284423828125
5.05859375 1.60888671875
1.6571044921875 3.0560302734375
4 1
5.52001953125 9.25079345703125
3.13720703125 0.94482421875
0.015869140625 7.640380859375
8.294677734375 6.62109375
1 1
0.771484375 3.2470703125
7 5
9.228515625 7.53631591796875
4.053955078125 8.8641357421875
0.28350830078125 6.6534423828125
6.12457275390625 5.57708740234375
7.796630859375 1.881103515625
4.9713134765625 1.95068359375
0.42236328125 7.2998046875
6 6
3.21807861328125 0.76812744140625
9.69207763671875 3.1341552734375
2.35626220703125 0.474853515625
0.47760009765625 7.25250244140625
2.0037841796875 1.2481689453125
1.84326171875 3.60382080078125
9 8
1.0858154296875 2.681884765625
6.77520751953125 5.28778076171875
0.06195068359375 1.732177734375
2.9571533203125 2.93304443359375
9.97802734375 9.15069580078125
2.03369140625 3.21258544921875
2.10205078125 7.42706298828125
2.652587890625 6.82708740234375
9.3939208984375 7.4920654296875
14 14
8.34869384765625 0.01983642578125
8.7237548828125 8.526611328125
5.17822265625 0.63140869140625
2.28179931640625 5.59906005859375
8.94287109375 9.72381591796875
7.84759521484375 8.36029052734375
8.31787109375 0.516357421875
3.03466796875 7.15850830078125
7.694091796875 8.53240966796875
0.18157958984375 3.24371337890625
3.521728515625 8.81988525390625
5.948486328125 6.229248046875
3.17535400390625 5.60821533203125
3.5894775390625 3.5284423828125
16 11
7.706298828125 3.38958740234375
9.1302490234375 1.229248046875
8.8983154296875 3.20556640625
5.697021484375 4.90753173828125
3.44818115234375 5.6341552734375
1.68243408203125 2.628173828125
6.7901611328125 5.489501953125
4.28680419921875 2.85400390625
8.3465576171875 5.078125
9.8785400390625 1.61895751953125
9.58892822265625 6.25762939453125
9.06097412109375 3.585205078125
2.1221923828125 2.44171142578125
1.91009521484375 2.5714111328125
7.3480224609375 5.85662841796875
7.4554443359375 9.3658447265625
13 11
4.47357177734375 8.028564453125
0.15899658203125 4.00848388671875
0.853271484375 2.7899169921875
1.6131591796875 0.10650634765625
8.1500244140625 3.209228515625
6.18072509765625 0.6658935546875
8.47076416015625 1.895751953125
4.24102783203125 4.92462158203125
7.97332763671875 3.759765625
5.9136962890625 2.97821044921875
0.00762939453125 2.83782958984375
1.8255615234375 9.727783203125
4.52606201171875 0.3143310546875
2 2
0.897216796875 8.6163330078125
0.57464599609375 0.95062255859375
10 5
5.75714111328125 7.56195068359375
9.8992919921875 4.2767333984375
8.04656982421875 7.822265625
4.86236572265625 0.767822265625
8.59130859375 3.6541748046875
2.41241455078125 0.6591796875
8.26812744140625 5.65338134765625
6.0772705078125 2.412109375
9.54833984375 7.8387451171875
4.5111083984375 2.9437255859375
12 10
5.62744140625 7.97210693359375
2.098388671875 1.91741943359375
3.83209228515625 5.08209228515625
2.02392578125 9.0972900390625
9.2535400390625 4.43634033203125
7.5921630859375 0.0347900390625
7.9095458984375 0.8782958984375
0.58685302734375 5.43731689453125
4.49981689453125 4.84527587890625
1.08673095703125 5.89385986328125
9.7796630859375 1.4971923828125
6.33331298828125 6.5216064453125
3 1
4.718017578125 5.01922607421875
0.91033935546875 6.89117431640625
0.8734130859375 9.49554443359375
6 6
4.24407958984375 6.055908203125
6.61346435546875 0.3741455078125
7.55401611328125 1.34521484375
6.82403564453125 6.29150390625
5.79833984375 1.6900634765625
1.3580322265625 3.5809326171875
3 1
9.80804443359375 1.07208251953125
9.2901611328125 0.61279296875
7.69500732421875 1.36016845703125
6 4
0.65216064453125 7.01171875
5.34759521484375 7.93670654296875
2.86376953125 8.54949951171875
9.44183349609375 9.8638916015625
3.45489501953125 0.64361572265625
2.59063720703125 9.017333984375
6 5
9.65057373046875 9.72991943359375
2.4676513671875 7.5103759765625
1.0662841796875 3.9898681640625
0.51483154296875 1.84478759765625
9.76409912109375 1.40594482421875
1.898193359375 4.3206787109375
14 3
6.0858154296875 0.52734375
3.5546875 2.44384765625
5.7843017578125 8.97552490234375
5.0537109375 8.9984130859375
8.21868896484375 9.6185302734375
6.5704345703125 2.25372314453125
0.6024169921875 9.31793212890625
7.01934814453125 1.97418212890625
9.117431640625 8.1060791015625
5.56427001953125 7.88116455078125
7.96356201171875 8.29132080078125
5.5584716796875 4.0789794921875
7.33306884765625 6.78314208984375
8.819580078125 2.4835205078125
9 6
2.77099609375 9.36004638671875
6.1346435546875 0.24261474609375
7.44964599609375 3.7554931640625
6.502685546875 1.93328857421875
3.62274169921875 2.6153564453125
4.4451904296875 4.55841064453125
6.331787109375 2.90985107421875
7.76824951171875 3.55133056640625
7.7197265625 7.8839111328125
16 13
0.4632568359375 1.402587890625
1.42669677734375 9.77630615234375
3.6181640625 7.9541015625
4.75860595703125 7.71636962890625
5.30609130859375 8.41583251953125
0.64300537109375 6.710205078125
3.011474609375 7.35198974609375
9.33807373046875 9.13299560546875
5.1605224609375 7.82745361328125
1.61529541015625 7.7728271484375
3.08197021484375 1.78009033203125
8.89251708984375 1.68121337890625
4.703369140625 5.17822265625
9.01153564453125 5.09124755859375
9.049072265625 0.77545166015625
9.22332763671875 4.71282958984375
8 7
9.48089599609375 0.04302978515625
7.40875244140625 9.16534423828125
4.30206298828125 6.77093505859375
3.4381103515625 3.084716796875
4.58892822265625 5.57525634765625
0.6268310546875 2.92083740234375
4.25384521484375 8.9239501953125
3.95904541015625 1.55731201171875
7 4
8.11431884765625 1.27777099609375
1.80755615234375 8.13995361328125
6.42852783203125 1.55609130859375
5.64178466796875 1.6339111328125
3.9453125 6.04461669921875
7.9541015625 6.6796875
4.9102783203125 8.6907958984375
1 1
5.38299560546875 6.81121826171875
12 6
0.5291748046875 4.7894287109375
1.14959716796875 4.036865234375
6.30401611328125 1.22314453125
2.7813720703125 9.720458984375
7.37762451171875 4.03778076171875
5.00335693359375 4.75189208984375
6.11968994140625 9.5263671875
3.72406005859375 2.0330810546875
6.93267822265625 0.15167236328125
9.549560546875 0.76873779296875
4.1424560546875 2.12005615234375
1.30767822265625 7.13409423828125
5 5
7.991943359375 6.04644775390625
7.103271484375 0.0244140625
2.72857666015625 5.98907470703125
9.759521484375 9.77935791015625
4.76470947265625 2.5592041015625
16 13
9.90020751953125 4.4500732421875
2.3187255859375 4.6612548828125
3.28033447265625 5.0103759765625
8.47869873046875 2.8363037109375
8.26416015625 3.1134033203125
0.26153564453125 3.4515380859375
5.811767578125 0.4339599609375
3.97491455078125 8.585205078125
1.6864013671875 8.69171142578125
2.4346923828125 0.8697509765625
9.75128173828125 6.00921630859375
7.137451171875 3.2220458984375
4.0362548828125 6.961669921875
9.361572265625 1.7913818359375
1.136474609375 1.63177490234375
4.2559814453125 9.9462890625
14 4
9.62432861328125 4.8162841796875
7.2357177734375 7.9779052734375
0.7867431640625 5.13946533203125
5.086669921875 7.20062255859375
7.07855224609375 7.53173828125
4.67437744140625 6.4453125
0.41839599609375 8.99444580078125
1.71783447265625 3.3837890625
8.3062744140625 0.49041748046875
7.9425048828125 3.9971923828125
4.326171875 1.68212890625
8.1170654296875 7.71514892578125
3.9837646484375 9.671630859375
5.0787353515625 8.5882568359375
9 2
7.1343994140625 0.70770263671875
7.02972412109375 7.9864501953125
7.1990966796875 2.7606201171875
3.1329345703125 5.87860107421875
5.9527587890625 6.10565185546875
3.5968017578125 5.0421142578125
0.6439208984375 3.9434814453125
8.97918701171875 8.3203125
4.1937255859375 8.15887451171875
8 8
5.0311279296875 6.6680908203125
2.4835205078125 4.76776123046875
7.994384765625 5.2569580078125
6.09405517578125 0.35308837890625
8.3349609375 3.90289306640625
8.28338623046875 8.0169677734375
6.80694580078125 1.6168212890625
3.194580078125 6.8011474609375
7 1
6.1639404296875 9.6539306640625
4.73785400390625 8.26995849609375
9.989013671875 6.884765625
8.0413818359375 0.0299072265625
9.7161865234375 2.6239013671875
6.2384033203125 8.6688232421875
5.69091796875 4.27734375
12 12
7.3260498046875 3.48876953125
8.14453125 2.6898193359375
4.6826171875 3.31787109375
4.073486328125 5.31402587890625
5.595703125 4.16107177734375
0.9716796875 5.8087158203125
2.1270751953125 5.7757568359375
6.7401123046875 3.9520263671875
9.49676513671875 3.8348388671875
5.3607177734375 9.7943115234375
6.56280517578125 9.73724365234375
3.7152099609375 4.45465087890625
16 7
6.5057373046875 0.25665283203125
0.6427001953125 9.62249755859375
2.105712890625 1.8719482421875
9.4757080078125 5.3076171875
8.8311767578125 9.35821533203125
7.017822265625 3.71490478515625
7.40478515625 1.56768798828125
8.64959716796875 7.8863525390625
6.14715576171875 6.19964599609375
8.29071044921875 0.01373291015625
1.6326904296875 9.0826416015625
6.79901123046875 7.48931884765625
6.785888671875 1.13525390625
7.342529296875 8.0401611328125
1.73309326171875 7.06207275390625
5.557861328125 0.50384521484375
1 1
1.1492919921875 1.60858154296875
14 12
9.7027587890625 5.26885986328125
9.21356201171875 5.8349609375
4.44732666015625 6.65191650390625
0.4986572265625 8.8232421875
5.51849365234375 1.63177490234375
6.07666015625 5.24169921875
2.685546875 3.2293701171875
4.90020751953125 9.1949462890625
5.74737548828125 0.70404052734375
8.216552734375 4.85443115234375
3.44482421875 9.06951904296875
2.2808837890625 4.57489013671875
0.361328125 4.63958740234375
2.960205078125 1.32537841796875
15 11
7.750244140625 7.0318603515625
4.9371337890625 9.43634033203125
9.9029541015625 5.7843017578125
3.77166748046875 5.4901123046875
0.57342529296875 7.7655029296875
4.38629150390625 8.36700439453125
4.59747314453125 7.28118896484375
2.4224853515625 0.4638671875
1.8194580078125 8.69049072265625
8.13018798828125 6.0546875
9.34478759765625 5.8966064453125
9.13848876953125 9.23065185546875
8.96728515625 6.31561279296875
9.80682373046875 2.0947265625
3.8360595703125 7.12615966796875
8 3
8.9129638671875 3.63128662109375
4.25201416015625 6.02691650390625
0.89935302734375 7.3651123046875
4.69451904296875 7.5982666015625
3.9923095703125 5.15472412109375
8.65570068359375 8.12164306640625
2.0196533203125 1.83074951171875
7.701416015625 9.7186279296875
4 2
5.37139892578125 5.32928466796875
8.36151123046875 8.82354736328125
8.93157958984375 8.61236572265625
1.09283447265625 9.4696044921875
10 3
2.14599609375 5.596923828125
0.19622802734375 2.16400146484375
2.103271484375 0.33660888671875
9.73968505859375 9.45220947265625
0.86212158203125 7.05413818359375
6.01776123046875 5.096435546875
9.18609619140625 0.23956298828125
0.2130126953125 6.5887451171875
6.478271484375 1.04400634765625
5.7904052734375 7.77801513671875
16 6
4.908447265625 6.5960693359375
4.222412109375 4.36614990234375
6.60064697265625 1.69830322265625
6.602783203125 9.49676513671875
8.39813232421875 2.7276611328125
0.2850341796875 0.03326416015625
6.3543701171875 7.21221923828125
0.6195068359375 1.12152099609375
6.44317626953125 7.9962158203125
1.77398681640625 7.156982421875
9.78118896484375 3.826904296875
6.22314453125 9.56878662109375
0.5218505859375 1.9140625
8.31817626953125 2.35870361328125
0.49346923828125 0.27587890625
8.502197265625 5.70587158203125
6 4
3.21319580078125 8.7646484375
3.86688232421875 9.78973388671875
3.834228515625 4.75433349609375
2.35992431640625 4.8663330078125
7.11395263671875 8.857421875
9.80377197265625 8.5284423828125
8 2
6.59820556640625 7.21527099609375
1.114501953125 4.99267578125
3.14971923828125 4.74761962890625
0.4144287109375 1.03271484375
4.3231201171875 0.00823974609375
8.31085205078125 6.248779296875
2.13623046875 5.657958984375
5.67626953125 6.46484375
4 1
8.9630126953125 0.23193359375
4.251708984375 1.46087646484375
8.78143310546875 4.71771240234375
3.9898681640625 7.601318359375
6 1
7.73651123046875 6.50665283203125
9.437255859375 8.48541259765625
6.13800048828125 8.841552734375
8.5858154296875 6.270751953125
6.011962890625 2.75115966796875
6.5948486328125 2.0355224609375
1 1
2.50518798828125 8.990478515625
15 6
3.6688232421875 0.5999755859375
1.38641357421875 5.25909423828125
7.0281982421875 0.30487060546875
3.48907470703125 3.599853515625
3.15948486328125 3.1585693359375
7.0623779296875 8.839111328125
2.47314453125 1.3934326171875
0.02349853515625 8.3843994140625
4.27520751953125 7.50396728515625
8.6444091796875 7.15362548828125
7.6068115234375 7.98675537109375
7.579345703125 3.7481689453125
3.97186279296875 1.40045166015625
6.94000244140625 5.474853515625
3.52691650390625 6.05072021484375
14 2
0.7110595703125 7.14263916015625
1.07269287109375 1.2835693359375
4.62371826171875 7.75726318359375
8.6761474609375 0.6195068359375
8.7109375 3.604736328125
3.6224365234375 7.8668212890625
2.059326171875 4.2474365234375
1.75933837890625 6.8731689453125
3.9495849609375 4.36737060546875
6.46881103515625 0.21240234375
3.502197265625 1.08062744140625
7.969970703125 7.5244140625
5.90423583984375 1.5069580078125
1.86126708984375 6.141357421875
16 1
0.99090576171875 3.81866455078125
1.058349609375 3.6102294921875
3.8214111328125 2.552490234375
4.373779296875 1.54022216796875
7.12432861328125 9.1949462890625
1.29547119140625 0.71441650390625
8.31787109375 3.8604736328125
9.3768310546875 9.7869873046875
2.498779296875 3.079833984375
8.56231689453125 5.31585693359375
5.81817626953125 5.92376708984375
4.06463623046875 9.381103515625
3.87603759765625 5.06988525390625
4.41925048828125 1.67633056640625
6.69830322265625 8.1219482421875
8.773193359375 3.88519287109375
4 2
3.199462890625 0.3131103515625
4.96917724609375 3.43475341796875
4.46136474609375 5.93505859375
1.38275146484375 9.84130859375
12 11
6.527099609375 6.69219970703125
0.92437744140625 7.74993896484375
2.59063720703125 5.47271728515625
9.5501708984375 9.33563232421875
8.35235595703125 7.8973388671875
9.3365478515625 0.22186279296875
0.6829833984375 8.77044677734375
4.62677001953125 6.112060546875
1.26434326171875 1.663818359375
3.84918212890625 9.2852783203125
5.5706787109375 8.2269287109375
2.8436279296875 4.864501953125
5 1
4.35943603515625 6.6461181640625
4.66949462890625 8.81622314453125
8.12774658203125 0.7330322265625
8.90899658203125 8.56781005859375
5.543212890625 6.23138427734375
1 1
9.6868896484375 5.06378173828125
3 1
3.7725830078125 8.64410400390625
8.8427734375 3.1591796875
2.4200439453125 2.1612548828125
7 1
4.96795654296875 4.41375732421875
6.5325927734375 5.89202880859375
4.41009521484375 2.83233642578125
9.34356689453125 8.3587646484375
9.019775390625 8.85284423828125
4.0966796875 8.56414794921875
6.27838134765625 9.64508056640625
7 3
9.1961669921875 0.21881103515625
9.6435546875 6.99371337890625
3.76800537109375 4.87396240234375
8.5546875 7.66510009765625
1.43341064453125 7.1563720703125
2.92144775390625 9.76898193359375
2.9656982421875 8.65814208984375
7 5
6.79168701171875 0.7080078125
7.0025634765625 2.48077392578125
2.4859619140625 9.57122802734375
2.75054931640625 7.6953125
1.04827880859375 6.51824951171875
8.2440185546875 9.49462890625
8.95416259765625 8.45733642578125
1 1
0.77789306640625 4.3304443359375
2 2
6.2841796875 1.2030029296875
1.62139892578125 6.243896484375
6 1
3.32763671875 3.485107421875
2.78076171875 4.02069091796875
2.62420654296875 5.7379150390625
6.94244384765625 4.73297119140625
3.02337646484375 0.54473876953125
3.66790771484375 3.6383056640625
15 5
4.86175537109375 8.3880615234375
3.9117431640625 0.042724609375
5.51300048828125 6.6094970703125
8.50738525390625 9.1217041015625
7.7423095703125 7.32086181640625
6.771240234375 5.34210205078125
9.42657470703125 1.09619140625
9.3707275390625 4.5361328125
4.5562744140625 6.49658203125
4.02557373046875 8.336181640625
8.865966796875 9.42779541015625
8.68682861328125 0.882568359375
0.9539794921875 6.03271484375
4.11102294921875 7.35107421875
7.95379638671875 1.929931640625
3 2
9.99755859375 2.41119384765625
1.45843505859375 4.8223876953125
0.10406494140625 2.470703125
10 2
3.30596923828125 8.50982666015625
9.954833984375 4.36737060546875
0.13671875 5.059814453125
0.8380126953125 5.137939453125
2.50701904296875 9.08172607421875
9.849853515625 1.45477294921875
3.75396728515625 3.9849853515625
1.49139404296875 0.6195068359375
4.556884765625 4.98382568359375
3.367919921875 5.07568359375
3 3
4.053955078125 6.17462158203125
6.546630859375 2.899169921875
3.424072265625 2.13897705078125
3 2
5.135498046875 9.46868896484375
5.32928466796875 5.712890625
2.0281982421875 1.5985107421875
16 16
0.491943359375 0.13824462890625
8.00811767578125 8.9093017578125
2.86285400390625 5.45928955078125
6.01287841796875 9.1815185546875
0.61126708984375 2.24212646484375
8.41156005859375 5.24627685546875
8.12255859375 6.124267578125
6.9110107421875 1.12823486328125
0.88836669921875 2.940673828125
2.07611083984375 5.91796875
4.2767333984375 3.663330078125
4.76654052734375 0.714111328125
8.96240234375 9.35699462890625
7.51434326171875 5.7366943359375
5.8319091796875 7.7197265625
1.1572265625 1.68304443359375
10 5
8.10333251953125 7.45697021484375
7.56500244140625 9.7796630859375
9.38262939453125 5.2447509765625
8.40545654296875 7.39959716796875
7.83599853515625 0.73089599609375
5.0531005859375 1.2066650390625
5.968017578125 5.2734375
1.81640625 8.1219482421875
8.46923828125 3.43841552734375
4.08538818359375 9.7149658203125
11 9
1.0595703125 5.7330322265625
5.92559814453125 6.25946044921875
6.8743896484375 2.127685546875
4.2279052734375 1.8798828125
9.46380615234375 2.9010009765625
5.6005859375 8.7371826171875
9.81414794921875 7.53997802734375
9.2413330078125 1.253662109375
3.6083984375 7.14569091796875
2.40020751953125 1.02447509765625
1.0272216796875 1.2786865234375
2 2
3.23455810546875 2.156982421875
8.4124755859375 1.70562744140625
14 5
2.7606201171875 4.02679443359375
8.77899169921875 5.72113037109375
5.745849609375 4.7747802734375
0.41290283203125 0.22186279296875
0.931396484375 2.4700927734375
9.62005615234375 9.56787109375
0.44952392578125 5.87890625
9.619140625 0.5523681640625
9.56756591796875 7.24884033203125
4.512939453125 3.3349609375
5.41229248046875 7.392578125
0.284423828125 9.69635009765625
8.44451904296875 2.51220703125
0.58013916015625 6.944580078125
3 1
0.76568603515625 0.0286865234375
0.467529296875 2.333984375
8.5888671875 5.0567626953125
3 1
1.91558837890625 3.62762451171875
7.4517822265625 1.26007080078125
2.50518798828125 0.2276611328125
4 4
9.3115234375 0.56549072265625
5.48980712890625 1.8994140625
2.40020751953125 6.87896728515625
4.98626708984375 2.5726318359375
5 5
4.19708251953125 2.77435302734375
9.4976806640625 4.28314208984375
3.10302734375 7.987060546875
1.6802978515625 3.431396484375
1.087646484375 0.1873779296875
7 7
0.4742431640625 6.11236572265625
1.56585693359375 1.0638427734375
1.10198974609375 2.06573486328125
0.91644287109375 9.2120361328125
4.56207275390625 8.4619140625
9.93682861328125 1.9207763671875
3.94378662109375 7.34344482421875
12 1
4.62921142578125 0.108642578125
8.4930419921875 8.6328125
8.05145263671875 8.12744140625
4.36492919921875 6.87713623046875
8.80615234375 0.201416015625
2.72613525390625 5.25115966796875
1.690673828125 2.3931884765625
9.02618408203125 1.49322509765625
6.22833251953125 2.91412353515625
3.2855224609375 6.58233642578125
1.36322021484375 4.2919921875
4.8382568359375 6.75933837890625
5 3
5.59173583984375 6.9830322265625
8.71917724609375 4.99603271484375
9.068603515625 1.0650634765625
8.6590576171875 1.44927978515625
2.393798828125 8.52386474609375
1 1
7.30804443359375 8.01300048828125
5 5
2.01873779296875 5.2239990234375
5.55328369140625 7.459716796875
9.8687744140625 2.8216552734375
4.727783203125 7.80303955078125
3.929443359375 9.29473876953125
1 1
4.44061279296875 3.88671875
5 1
9.82177734375 9.73175048828125
4.34326171875 5.9576416015625
4.35211181640625 5.699462890625
8.331298828125 6.619873046875
9.583740234375 3.05938720703125
1 1
8.65936279296875 3.77838134765625
4 3
7.72857666015625 5.56884765625
6.46087646484375 5.8160400390625
0.84930419921875 3.86993408203125
3.19732666015625 6.79962158203125
1 1
0.9722900390625 9.37286376953125
1 1
4.02252197265625 2.6983642578125
10 9
4.9774169921875 0.71014404296875
5.32958984375 6.4617919921875
1.76177978515625 3.76953125
7.027587890625 5.4022216796875
2.8582763671875 6.669921875
9.93133544921875 1.34613037109375
2.640380859375 9.7332763671875
7.750244140625 4.1485595703125
3.60137939453125 4.3133544921875
4.92279052734375 9.9896240234375
9 1
7.31414794921875 8.19854736328125
8.48907470703125 2.74749755859375
7.70233154296875 5.2850341796875
3.27667236328125 7.84088134765625
1.260986328125 6.47308349609375
8.9849853515625 8.3074951171875
0.8526611328125 3.41278076171875
4.9462890625 8.30657958984375
2.5421142578125 7.2918701171875
2 1
2.48565673828125 3.4625244140625
0.4998779296875 2.8961181640625
8 8
5.49957275390625 6.08489990234375
1.80145263671875 9.00665283203125
9.00848388671875 5.101318359375
0.67108154296875 0.9881591796875
8.24920654296875 8.953857421875
3.00323486328125 6.480712890625
1.82464599609375 5.509033203125
9.169921875 7.4578857421875
6 6
4.82940673828125 2.85308837890625
1.35711669921875 3.35113525390625
4.1619873046875 8.4149169921875
9.4024658203125 8.79058837890625
7.806396484375 1.5179443359375
6.2078857421875 5.3631591796875
16 6
3.94195556640625 1.9818115234375
1.134033203125 2.8424072265625
8.28369140625 1.07574462890625
7.90496826171875 9.14215087890625
3.23974609375 3.56964111328125
1.56219482421875 5.08544921875
3.6676025390625 0.49896240234375
7.1685791015625 5.977783203125
7.17315673828125 3.48724365234375
1.53778076171875 1.32354736328125
0.40252685546875 2.11090087890625
2.39166259765625 3.60809326171875
3.95294189453125 5.42327880859375
5.03509521484375 4.517822265625
4.95635986328125 0.45257568359375
8.115234375 3.91815185546875
6 2
5.07843017578125 6.6912841796875
7.2021484375 0.39642333984375
9.30267333984375 4.10491943359375
9.17205810546875 8.4344482421875
3.5992431640625 5.22125244140625
6.09130859375 0.018310546875
5 3
7.325439453125 3.71429443359375
7.18292236328125 0.27252197265625
1.3140869140625 9.86968994140625
6.3238525390625 4.10919189453125
3.779296875 7.28851318359375
4 3
5.14617919921875 0.06744384765625
0.52886962890625 2.467041015625
4.6881103515625 4.90936279296875
5.61981201171875 8.28704833984375
11 9
8.3746337890625 5.3082275390625
8.07525634765625 5.88165283203125
8.7060546875 2.80426025390625
3.88397216796875 2.25616455078125
2.1044921875 3.26416015625
5.869140625 0.20843505859375
4.51385498046875 3.2757568359375
6.011962890625 3.56475830078125
0.1416015625 8.14971923828125
9.5751953125 7.947998046875
2.88665771484375 8.890380859375
2 1
8.2958984375 9.814453125
5.684814453125 2.84515380859375
12 5
9.7076416015625 1.5289306640625
7.02880859375 6.34429931640625
9.83306884765625 3.41644287109375
0.45379638671875 1.1700439453125
2.9656982421875 2.4591064453125
4.19525146484375 8.7646484375
9.4482421875 8.0450439453125
3.84185791015625 6.09710693359375
2.16796875 5.12908935546875
8.6767578125 7.88238525390625
4.28955078125 7.28851318359375
3.7530517578125 6.60247802734375
12 11
0.7122802734375 8.87298583984375
0.7965087890625 7.0159912109375
3.76922607421875 8.1280517578125
3.63311767578125 9.06585693359375
8.85284423828125 0.44952392578125
0.1446533203125 0.52764892578125
7.20062255859375 0.0384521484375
8.98406982421875 6.67816162109375
4.2767333984375 1.62200927734375
7.61566162109375 5.18890380859375
1.8756103515625 0.38665771484375
3.76556396484375 8.0224609375
3 1
2.46124267578125 3.73077392578125
9.71954345703125 8.33251953125
9.8406982421875 7.01995849609375
2 1
9.05914306640625 9.58099365234375
7.8704833984375 3.88031005859375
4 1
3.3880615234375 4.70184326171875
2.73345947265625 4.96246337890625
7.5799560546875 1.98333740234375
6.49383544921875 1.3397216796875
7 3
0.33538818359375 4.3206787109375
0.4840087890625 7.92388916015625
1.94915771484375 3.4320068359375
5.53009033203125 2.93212890625
4.63287353515625 7.82440185546875
8.323974609375 6.73309326171875
6.3873291015625 3.96820068359375
4 3
7.4481201171875 7.41607666015625
1.15936279296875 6.22894287109375
5.39825439453125 9.92584228515625
9.72259521484375 6.73248291015625
2 2
2.0587158203125 5.504150390625
1.26983642578125 2.36236572265625
6 6
6.14593505859375 7.67974853515625
0.88226318359375 1.76422119140625
0.94512939453125 3.03466796875
7.5323486328125 7.75146484375
2.9248046875 4.00909423828125
3.6529541015625 2.900390625
1 1
1.32568359375 6.54296875
9 2
9.87579345703125 4.5751953125
6.74102783203125 2.14996337890625
3.10821533203125 4.9615478515625
1.36566162109375 2.818603515625
1.79168701171875 3.8946533203125
8.4619140625 3.2989501953125
4.671630859375 3.40576171875
2.1368408203125 5.66925048828125
7.314453125 6.38946533203125
10 4
0.8740234375 7.0794677734375
9.07867431640625 6.5423583984375
2.843017578125 5.633544921875
3.87969970703125 9.20654296875
8.2781982421875 5.159912109375
9.4659423828125 4.96917724609375
8.36669921875 7.9400634765625
6.46026611328125 4.56512451171875
8.09722900390625 2.43255615234375
4.21722412109375 0.73516845703125
13 3
1.97906494140625 4.290771484375
1.1572265625 3.2891845703125
1.2921142578125 1.31011962890625
2.51007080078125 0.14190673828125
3.56781005859375 9.2822265625
4.2926025390625 7.40447998046875
4.82757568359375 3.72344970703125
4.21844482421875 4.149169921875
6.2188720703125 1.097412109375
8.175048828125 1.87774658203125
0.7421875 4.8895263671875
3.248291015625 1.700439453125
2.96142578125 2.7197265625
13 13
5.36651611328125 5.4522705078125
9.92828369140625 6.5325927734375
8.92333984375 3.23944091796875
6.52374267578125 0.8782958984375
1.478271484375 4.8358154296875
5.8477783203125 4.8846435546875
0.57586669921875 3.0401611328125
8.199462890625 6.5643310546875
0.4449462890625 5.36773681640625
5.4327392578125 2.158203125
1.9586181640625 5.41351318359375
3.11492919921875 0.90545654296875
4.57122802734375 8.29803466796875
1 1
0.46051025390625 6.5032958984375
11 1
1.02508544921875 5.76171875
4.50531005859375 4.19525146484375
8.02337646484375 0.8660888671875
5.28961181640625 0.364990234375
3.49456787109375 3.858642578125
4.05120849609375 2.99346923828125
2.48321533203125 5.430908203125
6.23809814453125 8.162841796875
4.4622802734375 9.0057373046875
1.060791015625 4.808349609375
7.9241943359375 8.21197509765625
8 4
0.27557373046875 3.4759521484375
2.64373779296875 2.90985107421875
1.572265625 3.896484375
6.9061279296875 8.17840576171875
7.71148681640625 1.30523681640625
2.2216796875 4.54986572265625
6.81884765625 3.78997802734375
1.927490234375 4.2047119140625
3 3
3.96697998046875 9.139404296875
5.438232421875 5.1708984375
2.8558349609375 5.84716796875
5 3
7.26776123046875 9.80682373046875
1.99615478515625 4.01153564453125
3.2086181640625 1.9134521484375
5.831298828125 2.21649169921875
8.9324951171875 5.30548095703125
3 1
3.23028564453125 2.98492431640625
7.66265869140625 6.214599609375
4.57672119140625 7.119140625
8 7
3.15460205078125 3.36181640625
0.438232421875 3.10302734375
7.46368408203125 0.20294189453125
0.86456298828125 8.21319580078125
5.25299072265625 0.62225341796875
8.81256103515625 5.052490234375
7.78228759765625 8.5986328125
4.06890869140625 4.0899658203125
6 2
6.348876953125 5.91827392578125
3.50067138671875 0.27618408203125
1.201171875 0.21331787109375
6.1883544921875 9.1058349609375
3.192138671875 1.3201904296875
4.07012939453125 4.5294189453125
7 7
7.84393310546875 6.268310546875
1.02630615234375 7.72705078125
6.492919921875 3.21319580078125
0.12725830078125 4.77813720703125
9.79766845703125 7.3681640625
3.1329345703125 6.32232666015625
2.56256103515625 9.63470458984375
1 1
4.21905517578125 1.19415283203125
10 1
9.94476318359375 8.023681640625
8.55804443359375 5.82061767578125
2.901611328125 3.65997314453125
4.5550537109375 9.83428955078125
2.6751708984375 5.3973388671875
6.6552734375 0.13092041015625
6.38916015625 7.26165771484375
1.5960693359375 5.05645751953125
8.3251953125 3.44268798828125
0.69854736328125 3.97308349609375
10 7
6.3330078125 1.30218505859375
5.31707763671875 3.98162841796875
8.43414306640625 1.01898193359375
8.5968017578125 5.38818359375
4.8724365234375 6.54541015625
7.04315185546875 6.32080078125
9.217529296875 4.210205078125
5.56121826171875 5.38909912109375
0.665283203125 6.3531494140625
2.35198974609375 7.3309326171875
9 3
9.16107177734375 2.12982177734375
5.81787109375 0.77545166015625
1.427001953125 7.13165283203125
9.34051513671875 2.845458984375
2.6348876953125 5.2569580078125
7.70477294921875 5.56732177734375
2.91839599609375 3.37677001953125
3.4857177734375 6.65191650390625
7.840576171875 3.7127685546875
15 11
8.26385498046875 9.710693359375
9.9658203125 7.9864501953125
4.8468017578125 4.65728759765625
9.5745849609375 0.208740234375
1.8499755859375 2.188720703125
2.70477294921875 9.60174560546875
9.44976806640625 5.66741943359375
2.59490966796875 1.4739990234375
1.6461181640625 8.31329345703125
8.924560546875 3.76495361328125
8.690185546875 2.171630859375
2.16583251953125 0.23712158203125
8.75 9.36187744140625
1.0809326171875 4.23919677734375
7.87933349609375 8.428955078125
9 4
3.31451416015625 8.804931640625
7.05322265625 2.28546142578125
9.24896240234375 7.6007080078125
8.155517578125 4.6551513671875
0.67657470703125 1.00738525390625
4.96246337890625 2.86102294921875
1.06048583984375 2.2174072265625
2.15972900390625 5.0567626953125
4.30145263671875 9.43267822265625
4 1
1.407470703125 8.919677734375
2.08282470703125 5.41290283203125
2.213134765625 0.693359375
5.84930419921875 1.86920166015625
8 8
2.78167724609375 7.77191162109375
7.7362060546875 8.4228515625
3.4674072265625 5.4913330078125
7.53173828125 3.32122802734375
6.48345947265625 1.60888671875
8.7786865234375 5.48675537109375
8.14697265625 4.501953125
9.36004638671875 7.23236083984375
4 3
7.98553466796875 9.0924072265625
1.5264892578125 3.14605712890625
7.9638671875 0.16082763671875
1.5814208984375 4.39239501953125
1 1
2.47039794921875 7.8778076171875
9 4
0.30487060546875 8.13995361328125
4.5306396484375 9.20257568359375
8.06427001953125 4.61883544921875
5.2203369140625 8.57208251953125
0.19134521484375 3.87908935546875
1.47186279296875 4.8486328125
4.88128662109375 3.41094970703125
9.5892333984375 7.7972412109375
1.8084716796875 2.28271484375
8 3
9.8284912109375 6.02142333984375
1.4544677734375 6.96197509765625
8.49090576171875 4.3341064453125
6.75750732421875 0.8929443359375
5.4766845703125 2.13714599609375
1.7742919921875 6.44439697265625
9.38201904296875 1.65435791015625
0.79498291015625 2.8582763671875
6 1
4.91180419921875 1.21551513671875
0.1617431640625 1.09466552734375
5.9539794921875 0.48553466796875
8.306884765625 9.3609619140625
1.34979248046875 8.8104248046875
4.501953125 3.14483642578125
8 2
8.61175537109375 2.8680419921875
4.0570068359375 1.52313232421875
2.3089599609375 6.5447998046875
0.61614990234375 3.3941650390625
9.10247802734375 7.79449462890625
5.433349609375 2.8729248046875
9.9884033203125 3.82965087890625
1.2701416015625 3.4759521484375
16 16
1.43646240234375 5.37261962890625
2.626953125 5.50811767578125
2.437744140625 1.40716552734375
0.78582763671875 2.10540771484375
9.832763671875 6.4300537109375
7.78533935546875 3.82965087890625
9.7149658203125 1.95037841796875
4.72625732421875 5.48828125
8.331298828125 2.2216796875
4.87030029296875 4.23431396484375
8.40576171875 1.51611328125
3.05999755859375 7.55706787109375
6.42242431640625 8.53271484375
3.75244140625 5.42999267578125
7.42523193359375 8.2415771484375
6.72821044921875 9.43450927734375
10 6
2.0849609375 8.7255859375
2.493896484375 8.66729736328125
7.061767578125 8.08319091796875
0.560302734375 9.039306640625
3.26751708984375 4.39453125
6.1578369140625 0.701904296875
6.76116943359375 6.927490234375
4.144287109375 6.0992431640625
4.15863037109375 8.9849853515625
0.1629638671875 6.6461181640625
14 10
3.53485107421875 8.38134765625
2.7777099609375 6.25396728515625
0.41595458984375 5.4022216796875
9.28985595703125 2.2930908203125
0.667724609375 4.2449951171875
9.84771728515625 1.7254638671875
1.962890625 2.8521728515625
2.73681640625 8.3514404296875
1.9268798828125 6.2646484375
4.09027099609375 5.00701904296875
3.34747314453125 7.23663330078125
7.2900390625 1.6094970703125
1.28082275390625 1.16973876953125
9.4183349609375 2.05474853515625
6 5
4.918212890625 3.0194091796875
3.90594482421875 3.52294921875
9.3011474609375 8.69873046875
3.4490966796875 5.950927734375
6.4447021484375 1.19476318359375
2.56072998046875 3.67950439453125
3 3
0.16632080078125 6.34613037109375
9.34356689453125 8.05999755859375
6.82586669921875 6.65771484375
13 3
0.05645751953125 6.158447265625
3.91845703125 4.91729736328125
6.658935546875 9.50042724609375
4.93621826171875 7.26959228515625
7.779541015625 8.42132568359375
0.87432861328125 2.69927978515625
7.7154541015625 2.06787109375
3.18572998046875 5.172119140625
4.5928955078125 0.98724365234375
0.44769287109375 3.2989501953125
4.5587158203125 5.806884765625
8.57666015625 0.93536376953125
6.22467041015625 5.14923095703125
11 4
4.66033935546875 2.6654052734375
0.08544921875 9.43206787109375
3.831787109375 6.53289794921875
6.07513427734375 3.47198486328125
1.3311767578125 8.2427978515625
9.12139892578125 7.40203857421875
7.5396728515625 4.00054931640625
3.56170654296875 4.3499755859375
9.66064453125 7.43438720703125
7.79449462890625 6.27197265625
5.36529541015625 9.91241455078125
14 13
4.090576171875 6.9146728515625
5.86822509765625 8.0340576171875
5.54595947265625 2.71697998046875
1.88201904296875 7.95318603515625
7.23968505859375 7.28607177734375
7.21343994140625 0.87799072265625
3.60382080078125 7.0953369140625
8.13079833984375 5.9375
8.44635009765625 2.132568359375
5.43731689453125 3.4228515625
7.7935791015625 8.6212158203125
2.5579833984375 1.77581787109375
5.1739501953125 4.41650390625
5.59906005859375 8.65753173828125
12 6
9.295654296875 8.1182861328125
2.464599609375 5.6304931640625
6.575927734375 0.2386474609375
1.27349853515625 2.54302978515625
9.27734375 1.44500732421875
0.83404541015625 0.98175048828125
2.620849609375 5.37811279296875
7.3199462890625 6.14044189453125
4.87640380859375 0.6695556640625
9.50897216796875 2.66845703125
4.1522216796875 1.8280029296875
2.376708984375 5.13519287109375
12 10
6.60125732421875 6.66259765625
1.2060546875 4.014892578125
9.410400390625 7.3394775390625
9.46136474609375 5.59661865234375
3.9984130859375 0.4351806640625
5.00274658203125 8.2562255859375
6.86248779296875 3.24310302734375
0.60394287109375 4.7100830078125
1.73095703125 3.935546875
8.66607666015625 2.0001220703125
9.74822998046875 7.2698974609375
5.3515625 5.3338623046875
12 3
5.25726318359375 1.787109375
2.92755126953125 6.451416015625
2.6361083984375 6.03363037109375
8.3221435546875 4.01092529296875
4.29595947265625 1.3427734375
1.62841796875 6.0968017578125
2.9022216796875 8.294677734375
0.3692626953125 7.35260009765625
7.889404296875 3.49456787109375
5.0079345703125 0.55450439453125
3.43414306640625 1.89788818359375
3.22113037109375 0.040283203125
15 8
3.23028564453125 3.62152099609375
4.28375244140625 9.44091796875
9.58343505859375 6.17523193359375
8.75640869140625 8.70361328125
6.5081787109375 3.00323486328125
0.25177001953125 3.92486572265625
4.78912353515625 7.12738037109375
8.57513427734375 4.07196044921875
7.37274169921875 5.16265869140625
2.52105712890625 1.8499755859375
3.885498046875 0.01220703125
3.0322265625 0.4681396484375
1.57684326171875 4.287109375
4.1943359375 6.91558837890625
6.751708984375 2.26165771484375
3 2
8.760986328125 8.60565185546875
8.97613525390625 3.302001953125
3.5589599609375 9.44793701171875
2 2
5.62774658203125 4.598388671875
6.74835205078125 6.1553955078125
4 4
1.59271240234375 8.42620849609375
2.4334716796875 5.576171875
9.595947265625 5.37078857421875
5.00640869140625 8.82904052734375
5 1
7.59033203125 1.776123046875
2.535400390625 2.2747802734375
6.1016845703125 3.197021484375
8.05389404296875 4.444580078125
9.21844482421875 7.56591796875
11 3
4.33807373046875 5.88409423828125
3.389892578125 1.48651123046875
9.21600341796875 3.38409423828125
3.570556640625 5.6573486328125
4.30572509765625 0.09429931640625
3.14727783203125 0.87188720703125
7.62908935546875 0.82000732421875
6.08734130859375 5.07659912109375
0.80108642578125 9.35577392578125
0.0958251953125 2.89794921875
1.724853515625 1.644287109375
1 1
3.951416015625 7.16217041015625
16 5
4.03289794921875 8.8116455078125
8.78082275390625 7.1624755859375
8.53271484375 5.72998046875
2.65106201171875 4.04083251953125
5.341796875 4.241943359375
6.48956298828125 5.8258056640625
5.8050537109375 8.226318359375
9.9163818359375 4.8944091796875
4.08782958984375 6.3067626953125
8.70574951171875 3.98651123046875
6.78009033203125 9.28466796875
3.7384033203125 5.60089111328125
5.9588623046875 7.2021484375
1.06658935546875 8.05206298828125
2.27203369140625 6.34368896484375
2.15301513671875 0.99853515625
15 1
7.6776123046875 2.1417236328125
3.28216552734375 8.328857421875
6.58782958984375 0.20172119140625
3.42041015625 8.88397216796875
0.23681640625 8.646240234375
3.91845703125 7.88330078125
7.79205322265625 4.2144775390625
6.82861328125 7.359619140625
3.5906982421875 7.59185791015625
4.00604248046875 5.01312255859375
9.73297119140625 1.8768310546875
2.9559326171875 2.92327880859375
1.1956787109375 3.4918212890625
5.3546142578125 8.23394775390625
5.028076171875 0.8453369140625
14 6
4.82147216796875 3.1561279296875
9.1131591796875 5.58074951171875
6.495361328125 7.79541015625
1.778564453125 1.1346435546875
9.28253173828125 0.79437255859375
9.580078125 4.70062255859375
5.58380126953125 7.161865234375
5.85296630859375 6.17950439453125
0.9747314453125 9.33746337890625
0.784912109375 7.4951171875
7.22869873046875 4.368896484375
1.12823486328125 9.7039794921875
2.23541259765625 0.40771484375
1.96380615234375 3.95355224609375
1 1
6.3995361328125 7.53814697265625
7 4
8.60748291015625 1.881103515625
0.147705078125 8.4637451171875
7.034912109375 7.16522216796875
5.03875732421875 4.23675537109375
0.35064697265625 9.39544677734375
9.569091796875 3.7213134765625
2.4554443359375 2.05169677734375
7 5
3.40118408203125 5.8074951171875
5.006103515625 4.30572509765625
2.27691650390625 6.0797119140625
0.53985595703125 7.498779296875
6.77215576171875 0.001220703125
7.6690673828125 6.09283447265625
1.06475830078125 6.8389892578125
1 1
4.45953369140625 9.8065185546875
5 5
6.3861083984375 5.8551025390625
5.17852783203125 0.86883544921875
7.26593017578125 9.326171875
9.42474365234375 5.18829345703125
0.0262451171875 3.20404052734375
13 9
8.0194091796875 8.60382080078125
5.23956298828125 2.01446533203125
1.09039306640625 2.31689453125
8.31024169921875 1.2091064453125
5.18280029296875 4.32647705078125
1.46881103515625 8.016357421875
4.36737060546875 2.5836181640625
5.38116455078125 1.89117431640625
0.92803955078125 3.28521728515625
7.29827880859375 8.5443115234375
0.33660888671875 7.21099853515625
8.30657958984375 9.44976806640625
8.97613525390625 7.79327392578125
7 3
8.31146240234375 6.4410400390625
1.96868896484375 6.9586181640625
8.30047607421875 7.24822998046875
0.758056640625 6.351318359375
4.656982421875 9.1265869140625
8.6260986328125 3.19549560546875
9.90753173828125 4.63836669921875
2 1
2.6507568359375 4.3817138671875
2.24365234375 2.926025390625
8 8
8.56231689453125 6.7095947265625
0.26641845703125 8.253173828125
5.36590576171875 4.67010498046875
8.24493408203125 7.8179931640625
8.92303466796875 8.983154296875
5.13671875 3.29559326171875
7.0989990234375 1.43035888671875
4.46746826171875 2.491455078125
7 4
9.41680908203125 3.09051513671875
5.8929443359375 2.25830078125
5.10986328125 6.91925048828125
6.781005859375 7.1807861328125
3.46343994140625 4.85870361328125
6.8707275390625 6.45538330078125
3.1976318359375 4.40673828125
15 14
5.97259521484375 9.3060302734375
1.72607421875 4.93316650390625
5.7208251953125 1.69677734375
5.05645751953125 7.20428466796875
0.8148193359375 4.62127685546875
9.88800048828125 7.2271728515625
1.19659423828125 0.11199951171875
9.54193115234375 1.78314208984375
1.29425048828125 5.574951171875
4.73419189453125 4.9188232421875
5.377197265625 3.9666748046875
4.29595947265625 2.041015625
6.529541015625 3.131103515625
8.411865234375 6.4483642578125
8.29498291015625 7.10906982421875
14 8
1.70684814453125 4.1583251953125
6.395263671875 7.07550048828125
9.36065673828125 5.0311279296875
8.93402099609375 4.00726318359375
4.86297607421875 9.80743408203125
0.2276611328125 4.8406982421875
3.47412109375 4.87945556640625
9.581298828125 1.2164306640625
6.60400390625 2.01751708984375
8.680419921875 2.08587646484375
0.37384033203125 8.93768310546875
1.13983154296875 1.31805419921875
4.03961181640625 0.2801513671875
0.81787109375 9.00115966796875
7 2
4.22607421875 4.2852783203125
6.2164306640625 2.23724365234375
9.31182861328125 5.9356689453125
7.7496337890625 6.5618896484375
4.42840576171875 1.7236328125
0.74310302734375 5.2008056640625
9.57855224609375 1.2933349609375
5 3
2.67486572265625 6.98883056640625
0.7525634765625 0.29632568359375
1.3043212890625 7.93365478515625
8.37677001953125 3.17779541015625
4.0106201171875 9.920654296875
10 5
9.0679931640625 6.36688232421875
9.8565673828125 2.5384521484375
2.10723876953125 4.3634033203125
8.2952880859375 8.63128662109375
3.52783203125 9.22332763671875
1.68060302734375 8.583984375
1.3323974609375 8.85955810546875
5.51727294921875 3.1536865234375
6.43463134765625 5.96405029296875
0.4266357421875 9.38690185546875
3 3
1.1962890625 1.4642333984375
6.40228271484375 3.53729248046875
3.75946044921875 0.784912109375
1 1
7.369384765625 2.81097412109375
10 5
9.55535888671875 9.20013427734375
2.9376220703125 0.15167236328125
8.909912109375 9.39666748046875
8.7591552734375 9.879150390625
8.87176513671875 9.91058349609375
2.5238037109375 3.154296875
3.8751220703125 4.80682373046875
4.93316650390625 4.18365478515625
7.362060546875 0.5810546875
1.03515625 9.2169189453125
8 8
3.9056396484375 6.28997802734375
4.58251953125 1.46697998046875
6.2261962890625 8.6163330078125
7.72705078125 7.7001953125
2.42034912109375 9.66796875
2.7197265625 7.12615966796875
4.3890380859375 2.65350341796875
8.20281982421875 4.017333984375
3 3
6.16729736328125 2.763671875
1.24481201171875 5.65399169921875
3.87847900390625 6.8182373046875
4 3
4.6649169921875 5.9912109375
4.36676025390625 0.97930908203125
4.512939453125 3.03070068359375
7.42095947265625 7.5213623046875
8 7
1.75537109375 3.040771484375
0.71624755859375 2.05291748046875
3.07403564453125 5.55816650390625
4.54315185546875 4.03228759765625
3.96240234375 0.79193115234375
0.0091552734375 9.54345703125
5.4718017578125 0.82672119140625
0.14190673828125 6.65618896484375
14 5
8.3837890625 3.6883544921875
6.275634765625 5.5645751953125
3.885498046875 3.34259033203125
7.760009765625 2.99224853515625
6.29119873046875 1.0638427734375
2.77099609375 4.47021484375
9.21630859375 9.525146484375
7.72735595703125 2.42828369140625
5.32012939453125 5.91064453125
0.59356689453125 9.42108154296875
2.58544921875 4.3231201171875
9.906005859375 2.30712890625
8.04107666015625 5.869140625
0.7684326171875 5.5047607421875
4 1
8.408203125 9.130859375
9.276123046875 5.9576416015625
7.38739013671875 5.194091796875
0.928955078125 4.9267578125
11 7
1.96746826171875 2.138671875
3.1597900390625 3.69049072265625
1.72271728515625 2.53662109375
9.00970458984375 6.90338134765625
4.1107177734375 6.3427734375
3.52783203125 8.99505615234375
0.5255126953125 0.1416015625
9.66156005859375 8.0230712890625
1.0968017578125 5.63934326171875
1.00799560546875 2.04742431640625
0.08575439453125 9.7235107421875
13 1
8.375244140625 1.6607666015625
1.93206787109375 4.63531494140625
9.27032470703125 2.24334716796875
2.35198974609375 0.953369140625
5.33538818359375 5.72723388671875
6.64825439453125 4.466552734375
3.65753173828125 9.976806640625
8.8482666015625 5.22491455078125
2.6849365234375 8.8519287109375
4.76226806640625 8.63616943359375
2.68218994140625 7.09014892578125
8.5791015625 1.92352294921875
7.61199951171875 0.91522216796875
10 3
0.66497802734375 8.68072509765625
3.54095458984375 8.79486083984375
8.85589599609375 0.224609375
9.40643310546875 3.16314697265625
9.48577880859375 8.24310302734375
2.2857666015625 3.74114990234375
0.04547119140625 9.85931396484375
7.02392578125 2.34619140625
1.024169921875 0.777587890625
9.991455078125 4.42352294921875
7 4
0.57403564453125 9.8052978515625
8.0780029296875 0.04364013671875
4.74761962890625 0.9771728515625
9.83306884765625 9.92431640625
6.79656982421875 8.36944580078125
1.19964599609375 2.71392822265625
5.20172119140625 0.509033203125
9 4
7.03460693359375 8.02154541015625
7.77984619140625 1.45599365234375
3.24859619140625 9.38323974609375
1.5155029296875 3.289794921875
9.112548828125 6.2298583984375
2.0538330078125 5.2569580078125
2.01629638671875 2.45208740234375
4.54376220703125 6.4471435546875
6.08123779296875 6.51092529296875
10 4
4.55474853515625 7.79541015625
6.571044921875 5.391845703125
6.56768798828125 5.8807373046875
7.149658203125 7.53143310546875
3.3868408203125 1.12152099609375
8.10333251953125 3.3349609375
3.9093017578125 3.97979736328125
1.5850830078125 0.7232666015625
6.231689453125 9.58343505859375
8.9556884765625 0.38421630859375
13 10
7.19879150390625 5.41259765625
9.76898193359375 9.566650390625
6.99676513671875 2.9608154296875
9.12933349609375 6.97235107421875
3.80706787109375 8.985595703125
1.08306884765625 2.8424072265625
5.5523681640625 2.027587890625
8.07952880859375 0.6146240234375
4.56390380859375 2.16949462890625
3.6444091796875 3.38897705078125
5.51055908203125 8.4942626953125
6.25732421875 3.543701171875
2.80426025390625 8.1231689453125
3 1
1.2713623046875 1.85638427734375
2.20062255859375 8.7335205078125
9.85107421875 9.11102294921875
2 2
5.5120849609375 6.31256103515625
9.34844970703125 9.5892333984375
8 4
8.724365234375 0.84136962890625
7.25067138671875 9.46380615234375
4.3353271484375 2.68280029296875
1.26861572265625 2.0831298828125
2.557373046875 9.48455810546875
7.3388671875 1.80908203125
7.47833251953125 8.69476318359375
8.98040771484375 5.49346923828125
3 2
2.96661376953125 7.7349853515625
7.94189453125 2.569580078125
1.59027099609375 4.8736572265625
2 2
4.29534912109375 6.4532470703125
5.491943359375 3.35784912109375
3 1
6.73309326171875 4.3316650390625
5.8056640625 6.9879150390625
6.39007568359375 5.05340576171875
4 1
9.22271728515625 9.6795654296875
2.8179931640625 2.2723388671875
5.107421875 4.58404541015625
2.47833251953125 4.0179443359375
13 6
6.13494873046875 7.88421630859375
2.12066650390625 0.3875732421875
9.373779296875 5.91217041015625
6.23077392578125 9.19830322265625
2.3492431640625 0.26519775390625
8.8189697265625 8.02581787109375
5.48492431640625 3.82049560546875
3.8189697265625 2.37823486328125
5.32684326171875 2.72430419921875
0.4315185546875 6.728515625
7.23175048828125 9.583740234375
9.80560302734375 5.7208251953125
7.99468994140625 6.8316650390625
6 5
4.89349365234375 3.1109619140625
1.28936767578125 0.269775390625
1.7608642578125 0.05096435546875
7.705078125 9.722900390625
6.06842041015625 2.81951904296875
1.25335693359375 6.74072265625
1 1
5.26458740234375 0.82305908203125
1 1
4.0203857421875 9.96246337890625
3 2
1.83135986328125 8.42376708984375
7.65106201171875 7.24822998046875
8.74267578125 2.02911376953125
2 1
5.6317138671875 7.1051025390625
7.98065185546875 7.27447509765625
16 8
8.17901611328125 1.16729736328125
6.697998046875 0.36407470703125
2.35565185546875 1.11785888671875
4.503173828125 8.6846923828125
8.06304931640625 4.349365234375
6.656494140625 7.9510498046875
9.27764892578125 5.09033203125
7.000732421875 2.04864501953125
3.0975341796875 0.78277587890625
2.003173828125 0.19439697265625
1.016845703125 4.50653076171875
4.7357177734375 1.24420166015625
7.25372314453125 6.24786376953125
2.31231689453125 7.6300048828125
8.1903076171875 0.8331298828125
3.34716796875 9.2376708984375
6 2
8.35235595703125 0.5133056640625
9.73876953125 0.96710205078125
7.47711181640625 1.6357421875
0.27679443359375 9.454345703125
6.26434326171875 8.87481689453125
8.7158203125 0.799560546875
14 14
2.958984375 7.77984619140625
1.04888916015625 8.60748291015625
7.14996337890625 2.92144775390625
1.25 4.818115234375
7.001953125 1.1346435546875
3.6328125 5.60516357421875
3.822021484375 4.16900634765625
0.94207763671875 3.756103515625
1.1834716796875 0.48675537109375
5.23834228515625 5.74981689453125
6.668701171875 1.292724609375
6.05499267578125 8.5382080078125
7.76611328125 4.08721923828125
5.9942626953125 4.0057373046875
12 5
2.52532958984375 9.1925048828125
1.67083740234375 6.57684326171875
0.494384765625 0.85693359375
4.35699462890625 2.29522705078125
1.5582275390625 4.3560791015625
9.742431640625 0.61859130859375
6.7626953125 7.37945556640625
7.283935546875 0.60302734375
1.65924072265625 0.11138916015625
0.90362548828125 2.04833984375
7.1478271484375 3.96026611328125
9.06036376953125 6.5380859375
12 12
9.05181884765625 1.55975341796875
7.5762939453125 3.29559326171875
6.66107177734375 4.50164794921875
3.648681640625 3.76312255859375
9.06707763671875 6.26739501953125
0.16815185546875 2.445068359375
7.22869873046875 2.3846435546875
0.343017578125 5.34423828125
1.24603271484375 3.2208251953125
6.063232421875 2.81280517578125
7.003173828125 5.30914306640625
0.17608642578125 3.9703369140625
5 3
4.1864013671875 9.2547607421875
7.713623046875 5.6585693359375
3.9239501953125 1.62841796875
9.60174560546875 1.65679931640625
4.86846923828125 0.2032470703125
10 2
1.37451171875 0.83282470703125
1.86859130859375 6.57958984375
5.8428955078125 2.31201171875
1.78314208984375 6.76788330078125
6.5155029296875 3.47381591796875
8.07342529296875 0.62042236328125
0.63629150390625 2.5341796875
1.2530517578125 6.1114501953125
0.731201171875 7.56378173828125
5.1617431640625 2.568359375
5 1
7.72369384765625 4.34783935546875
0.04241943359375 6.68212890625
9.31854248046875 7.56439208984375
7.89154052734375 6.12640380859375
5.54718017578125 4.591064453125
16 7
3.22265625 2.49542236328125
3.21044921875 9.716796875
6.48284912109375 5.60699462890625
0.13885498046875 5.31829833984375
4.99359130859375 0.71197509765625
3.1658935546875 0.447998046875
9.25689697265625 2.10906982421875
6.97967529296875 3.29345703125
2.95745849609375 9.00390625
8.18572998046875 6.3671875
6.57073974609375 0.93109130859375
0.294189453125 7.79632568359375
4.74273681640625 1.86737060546875
2.63153076171875 0.836181640625
9.00238037109375 8.34564208984375
7.2418212890625 9.41802978515625
4 4
1.6375732421875 2.6458740234375
6.06414794921875 2.76397705078125
7.94891357421875 3.0975341796875
0.86700439453125 6.9329833984375
4 4
0.86822509765625 5.51910400390625
9.39605712890625 0.96923828125
1.55487060546875 4.1326904296875
7.64892578125 5.592041015625
11 10
4.90509033203125 1.8170166015625
1.60614013671875 2.04498291015625
2.16339111328125 9.93988037109375
9.90570068359375 2.05047607421875
8.7030029296875 6.84417724609375
1.04888916015625 8.7762451171875
0.89263916015625 4.67864990234375
9.82391357421875 9.15069580078125
9.06463623046875 4.09088134765625
4.35150146484375 3.62152099609375
2.44903564453125 0.6787109375
9 7
2.2119140625 3.768310546875
3.62762451171875 3.87664794921875
8.40850830078125 9.69573974609375
4.0338134765625 2.8802490234375
6.37847900390625 3.90960693359375
7.81951904296875 9.83673095703125
7.77496337890625 1.30035400390625
5.76934814453125 1.0308837890625
2.83172607421875 8.90625
15 14
1.19354248046875 8.7469482421875
1.49383544921875 6.1492919921875
1.14776611328125 1.30279541015625
4.24774169921875 3.59527587890625
0.767822265625 9.322509765625
1.28662109375 3.9691162109375
0.81787109375 8.72283935546875
5.23712158203125 3.26324462890625
6.70562744140625 8.12835693359375
0.677490234375 1.38031005859375
2.81005859375 7.14141845703125
5.584716796875 9.04327392578125
8.00048828125 1.033935546875
3.502197265625 2.5396728515625
7.6593017578125 5.93048095703125
4 1
1.6668701171875 5.51544189453125
2.42584228515625 2.237548828125
8.43475341796875 6.16363525390625
9.36309814453125 9.5672607421875
15 4
3.055419921875 8.55072021484375
4.664306640625 2.64190673828125
2.40570068359375 9.071044921875
5.06805419921875 2.5103759765625
8.64532470703125 5.5712890625
1.64581298828125 9.326171875
4.1943359375 4.0020751953125
1.9219970703125 9.3890380859375
8.5369873046875 5.75714111328125
7.16949462890625 7.5189208984375
6.3018798828125 4.69146728515625
7.6055908203125 2.7154541015625
6.5289306640625 0.5645751953125
8.31268310546875 1.65130615234375
8.44329833984375 2.97210693359375
9 2
8.06793212890625 6.47491455078125
9.60205078125 3.9215087890625
8.62579345703125 0.230712890625
7.1441650390625 9.57427978515625
2.70782470703125 7.225341796875
1.3470458984375 2.6715087890625
2.4884033203125 2.09320068359375
9.83856201171875 0.74615478515625
9.12261962890625 5.1031494140625
6 3
8.695068359375 8.265380859375
1.5924072265625 0.7281494140625
5.2801513671875 2.8125
0.45562744140625 0.39459228515625
6.2054443359375 4.18975830078125
2.0867919921875 3.54400634765625
10 10
2.79937744140625 6.898193359375
4.45831298828125 1.0333251953125
2.07061767578125 6.08001708984375
9.46197509765625 7.769775390625
8.43719482421875 1.8060302734375
4.1558837890625 9.02862548828125
5.765380859375 5.1177978515625
2.49053955078125 6.734619140625
1.96044921875 6.270751953125
6.79046630859375 9.64019775390625
7 2
2.8985595703125 6.409912109375
7.80487060546875 1.42059326171875
1.40625 1.251220703125
0.41168212890625 7.54180908203125
5.2215576171875 1.25579833984375
2.080078125 9.38323974609375
3.47198486328125 2.2308349609375
9 4
4.5806884765625 1.96533203125
1.1041259765625 1.30950927734375
8.331298828125 7.84393310546875
2.098388671875 2.3785400390625
3.14605712890625 8.80706787109375
4.56756591796875 4.14794921875
4.54345703125 1.78192138671875
2.28668212890625 6.62689208984375
3.4979248046875 5.8416748046875
1 1
1.47613525390625 8.83087158203125
8 1
3.702392578125 9.19403076171875
7.96173095703125 8.13446044921875
6.58172607421875 4.16168212890625
8.199462890625 4.1265869140625
2.10052490234375 6.28082275390625
8.33587646484375 6.6778564453125
8.2421875 8.44146728515625
4.1778564453125 9.9334716796875
8 8
0.77911376953125 4.3804931640625
9.90386962890625 4.54193115234375
1.43218994140625 0.0616455078125
6.13250732421875 7.46826171875
3.541259765625 3.9044189453125
5.5987548828125 1.572265625
7.254638671875 4.0814208984375
2.93243408203125 0.5291748046875
6 1
4.95819091796875 4.9359130859375
3.17901611328125 7.23663330078125
3.75762939453125 7.95257568359375
9.576416015625 0.63079833984375
9.04022216796875 6.04217529296875
2.50091552734375 3.26385498046875
3 1
0.13031005859375 3.11126708984375
2.6776123046875 1.37542724609375
9.315185546875 9.720458984375
12 11
8.5357666015625 0.3533935546875
7.403564453125 6.35650634765625
1.35009765625 9.32220458984375
6.014404296875 0.709228515625
7.52227783203125 3.76007080078125
1.90460205078125 1.22894287109375
3.988037109375 2.4932861328125
4.69207763671875 5.76751708984375
2.08160400390625 1.8560791015625
9.365234375 2.38983154296875
3.509521484375 4.01885986328125
2.54058837890625 6.8585205078125
15 15
9.17694091796875 7.09197998046875
1.611328125 9.23187255859375
9.918212890625 0.95947265625
2.2998046875 8.5919189453125
2.659912109375 4.97894287109375
9.38812255859375 2.25128173828125
9.81842041015625 0.3619384765625
8.8543701171875 8.43292236328125
3.25469970703125 6.9415283203125
9.95452880859375 8.104248046875
8.85955810546875 5.66314697265625
8.997802734375 9.9017333984375
3.03497314453125 5.3924560546875
0.1727294921875 3.89984130859375
2.63092041015625 9.3524169921875
13 5
4.7283935546875 6.119384765625
3.57147216796875 2.9559326171875
4.73236083984375 9.16046142578125
2.96600341796875 6.19293212890625
9.840087890625 2.1331787109375
0.89813232421875 6.632080078125
1.46270751953125 1.5130615234375
0.81695556640625 0.29693603515625
7.412109375 1.21124267578125
3.94378662109375 9.66064453125
6.85577392578125 8.96697998046875
6.343994140625 3.68194580078125
6.4581298828125 9.1656494140625
10 7
7.62176513671875 8.00567626953125
5.19744873046875 9.2718505859375
3.06365966796875 9.75128173828125
2.17315673828125 2.430419921875
9.16290283203125 1.23291015625
8.87847900390625 7.39715576171875
3.40667724609375 7.88482666015625
0.3253173828125 0.1971435546875
9.54193115234375 8.00079345703125
8.02276611328125 2.12799072265625
4 4
6.10076904296875 3.32672119140625
2.80059814453125 8.2452392578125
3.35418701171875 9.57183837890625
3.66363525390625 6.02020263671875
9 9
3.42803955078125 8.3795166015625
5.58197021484375 8.95111083984375
5.47088623046875 6.357421875
6.37786865234375 1.2213134765625
8.14453125 9.512939453125
4.49554443359375 0.77545166015625
7.7801513671875 5.65399169921875
1.1065673828125 5.31494140625
2.62603759765625 0.97747802734375
8 4
1.4544677734375 6.9293212890625
9.6429443359375 4.8455810546875
1.93634033203125 9.37835693359375
5.4742431640625 3.22509765625
2.9461669921875 6.595458984375
7.0098876953125 7.28179931640625
0.118408203125 1.05682373046875
3.6798095703125 3.14361572265625
5 3
0.85845947265625 2.28759765625
9.10186767578125 6.13067626953125
5.3009033203125 4.0087890625
3.26690673828125 2.23175048828125
1.46240234375 1.3653564453125
13 7
2.92724609375 0.9210205078125
9.8162841796875 0.74432373046875
1.3824462890625 5.408935546875
1.89056396484375 2.6153564453125
7.366943359375 5.0262451171875
3.23577880859375 9.25689697265625
1.60247802734375 1.26495361328125
3.40576171875 4.923095703125
7.5811767578125 9.8846435546875
1.41326904296875 8.6920166015625
4.7149658203125 7.7130126953125
6.588134765625 8.1475830078125
8.5382080078125 8.28826904296875
1 1
2.22930908203125 1.43218994140625
2 2
8.780517578125 2.5457763671875
3.61358642578125 9.6612548828125
11 9
1.71478271484375 0.0885009765625
9.056396484375 7.79052734375
5.95977783203125 9.48577880859375
6.36474609375 3.68316650390625
1.87896728515625 9.78363037109375
4.75982666015625 0.26031494140625
7.9736328125 0.68023681640625
4.54742431640625 3.4063720703125
1.1865234375 2.5628662109375
5.91888427734375 3.48846435546875
2.58758544921875 0.70281982421875
13 12
3.90380859375 4.1436767578125
5.78582763671875 8.634033203125
7.191162109375 3.93890380859375
0.26092529296875 5.12969970703125
3.43017578125 1.57958984375
7.66082763671875 3.7823486328125
9.46502685546875 3.84307861328125
0.7232666015625 2.1649169921875
0.21942138671875 8.0340576171875
6.30889892578125 8.372802734375
0.37689208984375 8.19122314453125
3.0291748046875 9.3890380859375
5.535888671875 2.877197265625
2 2
4.90509033203125 1.10931396484375
2.69744873046875 1.32904052734375
6 3
5.25909423828125 2.54974365234375
6.84051513671875 0.59234619140625
9.1265869140625 0.1654052734375
4.09088134765625 5.28656005859375
5.49468994140625 0.3533935546875
3.7164306640625 1.64154052734375
14 12
1.427001953125 3.2470703125
5.758056640625 4.9713134765625
0.11566162109375 2.26318359375
0.279541015625 6.2469482421875
3.11676025390625 8.73291015625
6.58050537109375 3.826904296875
0.0872802734375 1.20941162109375
1.42730712890625 5.133056640625
0.601806640625 0.44677734375
9.12567138671875 2.54486083984375
6.629638671875 8.21807861328125
6.31378173828125 5.274658203125
8.155517578125 6.70257568359375
5.05340576171875 6.34185791015625
10 10
2.6043701171875 2.3309326171875
2.87994384765625 8.8201904296875
2.91961669921875 5.8123779296875
3.7060546875 8.87786865234375
6.09527587890625 3.36669921875
8.4100341796875 6.824951171875
3.59710693359375 4.2755126953125
3.116455078125 7.3785400390625
7.0001220703125 1.630859375
0.0982666015625 4.07623291015625
2 1
3.14971923828125 8.5333251953125
2.3199462890625 1.67083740234375
12 2
6.2774658203125 3.53729248046875
7.25250244140625 7.72247314453125
2.16461181640625 4.18731689453125
8.35540771484375 1.29150390625
2.71820068359375 3.05908203125
7.19207763671875 7.27142333984375
0.76690673828125 0.57830810546875
0.75439453125 4.88616943359375
3.037109375 8.365478515625
3.77349853515625 6.158447265625
9.81353759765625 1.51031494140625
8.154296875 8.85498046875
13 5
2.5030517578125 7.00469970703125
9.30511474609375 7.54058837890625
4.7637939453125 0.28778076171875
8.184814453125 7.9388427734375
2.78839111328125 7.5579833984375
5.32958984375 0.67169189453125
8.98162841796875 5.12176513671875
6.26007080078125 0.863037109375
7.916259765625 4.42047119140625
6.1676025390625 9.38873291015625
2.61474609375 4.4403076171875
8.93951416015625 7.052001953125
8.26934814453125 1.7950439453125
1 1
4.1253662109375 6.43035888671875
12 11
8.6279296875 4.3072509765625
6.36077880859375 1.4947509765625
1.50177001953125 2.376708984375
0.6915283203125 7.0458984375
6.7376708984375 8.4429931640625
4.84771728515625 4.48486328125
3.78143310546875 1.98455810546875
1.94183349609375 4.82940673828125
3.509521484375 3.58123779296875
5.61187744140625 6.03973388671875
0.426025390625 9.56756591796875
2.30560302734375 7.4078369140625
12 2
0.83770751953125 0.9222412109375
5.6060791015625 5.01922607421875
6.5557861328125 7.1075439453125
1.5057373046875 0.5352783203125
0.61492919921875 2.34375
5.84014892578125 0.54779052734375
2.0977783203125 1.63482666015625
1.84417724609375 5.61004638671875
3.56719970703125 9.6221923828125
3.60687255859375 4.4171142578125
1.05224609375 6.8743896484375
8.4503173828125 2.91748046875
2 2
1.2652587890625 8.21929931640625
2.3712158203125 5.5718994140625
15 2
3.109130859375 2.52593994140625
8.1964111328125 7.073974609375
4.820556640625 7.305908203125
1.087646484375 5.78765869140625
9.27032470703125 3.9215087890625
6.13006591796875 1.63726806640625
1.85760498046875 6.5521240234375
4.6575927734375 4.005126953125
9.2840576171875 5.5474853515625
9.2578125 9.21356201171875
5.32135009765625 6.37481689453125
8.1842041015625 3.54400634765625
3.0047607421875 9.28619384765625
7.59674072265625 2.7593994140625
7.31689453125 7.52593994140625
15 4
2.04681396484375 5.97869873046875
8.50738525390625 9.7412109375
9.20379638671875 7.4505615234375
9.4219970703125 8.5247802734375
5.71044921875 7.0343017578125
0.33355712890625 5.88348388671875
6.1102294921875 0.145263671875
2.852783203125 8.4130859375
1.32293701171875 6.9024658203125
2.994384765625 3.956298828125
5.1708984375 8.79119873046875
2.440185546875 4.0521240234375
8.27423095703125 3.23394775390625
6.07666015625 7.58209228515625
8.3685302734375 8.88397216796875
5 3
4.77142333984375 0.52825927734375
8.291015625 5.28900146484375
2.27783203125 5.83251953125
1.19049072265625 3.297119140625
8.70025634765625 3.52813720703125
4 1
5.5853271484375 7.4310302734375
9.327392578125 2.60223388671875
7.0916748046875 2.06268310546875
2.6861572265625 6.64306640625
16 10
3.724365234375 7.39532470703125
2.95135498046875 1.2005615234375
2.8289794921875 0.43121337890625
0.31280517578125 7.14935302734375
8.55804443359375 9.48944091796875
3.4844970703125 9.34844970703125
8.5577392578125 4.4873046875
9.14581298828125 3.466796875
3.6944580078125 4.19708251953125
1.86248779296875 8.1573486328125
5.9661865234375 3.763427734375
7.78839111328125 5.196533203125
4.32342529296875 8.487548828125
9.55963134765625 6.055908203125
1.21429443359375 5.4449462890625
7.69287109375 8.956298828125
12 8
2.66082763671875 7.92022705078125
9.58770751953125 6.0125732421875
6.16241455078125 1.32232666015625
2.36785888671875 4.59228515625
2.0269775390625 1.82647705078125
7.8314208984375 3.46466064453125
1.0455322265625 3.58795166015625
8.92730712890625 2.53936767578125
2.222900390625 8.3868408203125
8.93463134765625 1.12396240234375
5.20050048828125 9.60662841796875
5.77178955078125 6.24908447265625
12 6
6.24481201171875 8.228759765625
1.9268798828125 9.866943359375
9.99237060546875 9.62890625
0.12908935546875 7.05322265625
6.0418701171875 9.69146728515625
2.2039794921875 3.358154296875
1.588134765625 3.51593017578125
7.7978515625 0.0042724609375
7.481689453125 0.0006103515625
0.86517333984375 8.1787109375
6.0040283203125 9.76837158203125
2.14080810546875 2.87017822265625
3 1
2.373046875 4.9334716796875
3.92242431640625 0.41717529296875
5.13336181640625 9.62921142578125
5 5
2.18017578125 6.544189453125
3.06549072265625 9.85107421875
9.8736572265625 5.38055419921875
6.99554443359375 8.1689453125
0.3192138671875 0.6781005859375
2 2
2.93182373046875 8.1494140625
4.08843994140625 6.99951171875
1 1
8.68988037109375 6.343994140625
6 4
4.5965576171875 8.81561279296875
3.39141845703125 0.34332275390625
5.316162109375 4.31243896484375
6.37481689453125 5.6475830078125
8.612060546875 0.87982177734375
5.0616455078125 1.158447265625
6 3
5.325927734375 0.38604736328125
2.269287109375 8.3526611328125
1.12823486328125 6.04888916015625
7.57476806640625 1.04339599609375
0.77117919921875 3.369140625
8.68255615234375 3.0621337890625
8 1
2.923583984375 3.5052490234375
4.85626220703125 0.70892333984375
0.85052490234375 0.0750732421875
0.206298828125 1.138916015625
5.13916015625 5.4156494140625
4.7406005859375 0.341796875
5.69671630859375 9.49798583984375
4.4683837890625 7.51922607421875
