5 7 4
8 18 29 4
6 7 4
8 18 29 4
1000 999 2
1000
2000
6 7 1
1
6 7 2
1 7
6 7 3
1 7 13
6 7 4
1 7 13 14
6 7 5
1 7 13 14 2
6 7 6
1 7 13 14 2 8
6 7 7
1 7 13 14 2 8 19
6 7 8
1 7 13 14 2 8 19 25
6 7 9
1 7 13 14 2 8 19 25 31
6 7 10
1 7 13 14 2 8 19 25 31 36
6 7 11
1 7 11 13 14 2 8 19 25 31 36
6 7 12
1 7 11 63 13 14 2 8 19 25 31 36
6 7 13
10 1 7 11 63 13 14 2 8 19 25 31 36
6 7 13
36 31 25 19 8 2 14 13 63 11 7 1 10
6 7 12
36 31 25 19 8 2 14 13 63 11 7 1
6 7 11
36 31 25 19 8 2 14 13 63 11 7
6 7 10
36 31 25 19 8 2 14 13 63 11
6 7 9
36 31 25 19 8 2 14 13 63
6 7 8
36 31 25 19 8 2 14 13
6 7 7
36 31 25 19 8 2 14
6 7 6
36 31 25 19 8 2
6 7 5
36 31 25 19 8
6 7 4
36 31 25 19
6 7 3
36 31 25
6 7 2
36 31
6 7 1
36
10 3 10
17 92 33 86 44 45 41 63 1000 8
5 7 2
31 31
5 7 4
8 18 29 4
6 7 4
8 18 29 4
6 8 4
8 18 29 4
100 99 4
8 18 29 4
4 11 12
2 6 10 14 18 22 26 30 34 38 42 46
11 4 12
2 6 10 14 18 22 26 30 34 38 42 46
1000 999 2
1000
2000
824 281 202
8948 6972 204 4330 9360 112 440 2924 8763 9120 999 2887 1611 6302 9950 7943 5232 6995 8651 7515 6457 2941 9335 9181 935 6006 9143 3168 7738 2530 6034 8613 4279 8325 2909 8010 9611 5422 9874 1440 2553 804 9791 2279 7103 2764 8315 9704 5335 7108 9891 1950 9929 4207 5139 5298 9918 4893 4704 2178 2735 6822 4130 5342 748 772 5807 3775 3912 5546 4225 899 9169 3204 8330 8697 2878 1292 7982 5637 594 8342 6479 209 5741 7801 6646 2993 609 3243 397 4785 9809 9767 9161 2989 5846 4686 8037 4748 7003 4599 3642 394 3944 3780 8730 2513 1965 4051 2284 7876 564 4525 5729 5207 3208 542 7045 8254 8645 4706 7521 8656 277 4313 3470 2007 4889 6518 6708 4823 6265 5706 5056 4521 7442 5367 5876 164 8334 1844 6712 3846 2210 4957 9886 1060 8816 9443 5507 1004 3581 8359 4369 643 3549 446 7538 3488 2778 8482 7952 2644 372 54 5911 7188 610 9667 4635 9620 9702 8275 5078 7378 3695 1689 2825 9996 8344 8059 6468 559 910 6670 2353 3886 7422 7181 379 5211 1373 1525 9452 1301 8593 2287 1619 3422 8989 9547
258 580 188
357 6746 6026 3376 4535 3048 7652 3124 9275 845 125 1211 7531 4693 7877 9837 2711 9068 3885 3109 5058 989 5695 3109 7018 1529 2763 9686 4562 516 5552 9052 6445 409 7395 6200 6569 2637 4238 6712 9990 4785 7432 4873 6898 7473 9789 9084 114 5865 3642 5510 1055 104 6551 7250 9914 4972 9969 8225 9757 8493 899 242 7920 3526 1552 3676 9381 6029 8688 9208 8593 1300 3477 5707 8327 9608 3352 8193 5938 5431 725 4774 4894 5774 4672 5949 8836 7584 5410 4516 4976 595 2724 1534 6433 8309 6214 6528 5981 4876 9485 3880 6222 5786 2935 134 3933 7071 5356 2478 2441 9625 8083 246 5044 6278 5630 7643 9675 9594 9955 2464 5696 5212 8935 2726 2069 8906 7081 919 8998 1774 6713 6027 5284 9832 5251 1742 8602 5082 6044 1017 7198 6051 5207 3389 7733 9651 4693 4606 2243 733 6967 7644 9775 4874 6929 8012 2607 7706 4460 197 8292 1846 4440 1319 6340 801 1181 9398 8448 6317 5372 2357 2818 8649 4231 1276 2213 3736 8409 1100 8033 7117 547 9545
259 575 1
4007
622 264 150
4933 8396 7815 8244 8096 5382 9795 1419 2981 1136 6662 3681 5264 3228 5999 4147 5833 1917 5377 9485 6670 3234 9572 5080 5339 798 3354 3043 8486 7184 1307 3885 9607 5460 977 5725 3380 7925 8208 4046 9899 1789 2173 1866 1321 6442 1615 8385 7752 1647 9699 5990 8084 6788 4425 3510 1214 6027 3932 3574 4298 1585 6543 8313 9731 6092 2051 2763 9599 183 6981 7564 9821 2439 8148 7020 6762 441 3360 4831 2067 2443 5374 9438 276 7043 6632 9146 7599 5200 2497 3725 1145 7179 2246 8591 8318 569 9024 3313 996 48 5975 1194 6861 4643 4928 6364 8727 2988 726 1954 3422 1942 2343 9 4497 9364 997 9495 4097 6880 749 5420 3525 8516 1028 3044 8891 2927 1421 437 1833 8053 3560 6444 5617 3525 9253 5262 5763 8968 4101 5405 6861 9971 785 4282 6190 5337
66 774 162
9799 5848 2712 4868 3157 2378 5010 182 1214 1809 3523 9701 2271 9436 940 7348 1817 6854 7908 8177 789 7356 3008 9304 2937 8507 3019 8802 8869 7799 6994 1754 2298 9817 4143 336 8296 9184 2687 6967 3442 680 5282 2377 8737 2408 639 4474 9345 5733 5489 2073 5900 7060 6770 5507 6977 2445 9651 1074 1825 6251 4965 2483 38 6928 3351 613 7760 3477 7404 6205 413 4686 7848 7063 8979 2988 8375 1687 2669 6701 2666 765 513 8878 4095 4838 4026 6848 9035 4543 6695 7352 4887 949 8351 3169 9413 9656 8495 2092 125 2670 4033 3223 3752 963 9546 332 9096 8494 4993 2672 9122 9039 5335 4044 6745 3461 4759 792 7928 892 7164 2483 7212 9155 8041 1183 9036 7596 2313 4058 4534 6908 5332 9367 1751 3394 3530 7051 3174 1301 3759 3187 6525 6021 2419 7138 1413 1604 4509 1849 3134 8318 9171 4287 8744 2802 1369 2496
495 467 119
8770 7466 3404 8329 6226 3640 8759 5030 7773 9476 2926 9532 1835 2992 5843 8617 1093 8935 3430 1438 4487 4351 3287 2049 9729 9614 1318 1105 2071 7638 8295 3825 585 5135 7618 1556 957 287 1606 6259 391 5416 6589 9677 6922 3102 7611 5180 345 6819 1296 6800 3398 7969 4349 4282 8636 6260 6531 2599 2312 7506 5959 7831 9634 3703 8193 7161 8394 7761 6404 7221 9933 7428 7688 3381 2502 9883 2851 9105 3953 429 9606 8277 6411 9976 9683 9793 8485 3164 1245 4318 2103 5590 7256 216 2706 5783 8991 7532 462 4433 4804 4255 3490 1134 3554 9592 5345 4924 6830 3451 5105 8425 5756 6355 7736 4535 8590
380 323 1
8564
218 206 107
7342 9994 1510 4401 8013 7669 3552 91 7166 4327 3534 9929 8635 7047 1521 8894 9048 1371 4347 1070 4936 9335 6410 4326 4940 1895 399 4633 2938 328 3563 5541 3159 7648 1941 4789 9793 7550 6138 8207 1755 4764 7441 2076 7557 7089 2938 6840 2647 4835 3810 9695 9786 1241 2245 2936 1267 5967 7265 6862 8797 7347 3779 6697 8258 556 2145 4540 85 2922 1107 4151 223 120 3758 8812 6837 6830 4895 7487 466 227 6992 8470 2342 6800 6314 9456 3914 1904 3655 8562 3743 9731 9234 6764 3315 1746 9150 4954 2015 604 7744 8199 5935 2271 8201
532 504 73
6052 5987 904 6055 2095 8976 381 9216 4703 3038 6917 8209 3781 282 8308 6663 390 8255 5204 7605 1158 1388 5438 4948 9363 7697 5972 9368 107 2201 8430 4381 2363 4529 6495 5776 6310 2711 9571 7098 254 9262 5607 4615 8785 365 9557 9701 7763 8727 1099 392 5636 629 5767 5514 862 6047 6065 2368 3166 9963 8677 5719 7228 4972 1835 5581 8056 6587 9669 717 9731
457 528 39
9543 9478 5496 6764 9300 4557 3522 4257 2489 4413 7031 2074 3259 7029 3187 5566 8084 5796 8023 1757 475 8807 7570 3026 2955 6592 7 6780 8403 9938 9424 1014 4250 5193 8319 9393 1981 7527 7565
0 0 0
