6 10
+ 1 1
1 2 1
1 3 2
2 4 5
+ - 1
4 3 2
3 5 5
4 6 2
5 - 1
6 5 3
4 6
+ 1 8
1 2 4
1 3 5
2 4 6
3 - 1
3 4 3
0 1
+ - 3
2 3
+ 1 3
1 2 4
2 - 5
2 3
+ 1 3
2 1 4
2 - 5
2 4
+ 1 3
1 2 4
2 - 5
1 - 6
2 4
+ 1 3
2 1 4
2 - 5
1 - 6
2 4
+ 1 3
+ 2 4
2 1 5
2 - 6
2 4
+ 1 3
+ 2 4
1 2 5
2 - 6
2 6
+ 1 3
+ - 4
+ 2 5
1 - 6
1 2 7
2 - 8
2 6
+ 1 3
+ - 4
+ 2 5
1 - 6
2 1 7
2 - 8
2 5
+ 1 3
+ - 4
+ 2 5
1 - 6
2 - 8
3 8
+ 1 1
1 - 1
+ 2 1
2 - 1
+ 3 1
3 - 1
1 2 1
2 3 1
3 8
+ 1 1
1 - 1
+ 2 1
2 - 1
+ 3 1
3 - 1
2 1 1
3 2 1
15 129
+ 4 12
7 8 16
13 10 50
12 3 64
7 - 77
8 3 19
12 14 46
5 2 50
12 15 91
2 7 62
4 8 77
11 1 16
7 1 8
+ - 11
+ 12 17
14 - 41
11 12 29
8 9 10
6 9 44
14 4 23
2 8 57
14 2 1
12 - 30
6 10 67
15 3 32
5 1 80
15 - 84
12 8 36
14 3 30
6 2 61
5 9 24
+ 11 51
7 10 31
12 4 81
2 9 27
11 8 87
6 7 30
11 3 77
5 12 56
15 14 57
12 1 52
12 10 63
7 3 30
5 4 55
5 7 13
15 1 94
6 - 71
12 13 92
5 10 96
15 6 30
6 14 46
13 3 59
13 15 57
2 - 65
11 13 85
14 1 7
2 3 62
5 3 50
9 1 78
13 8 51
6 1 70
+ 5 40
+ 1 79
4 1 35
5 8 24
10 4 84
4 - 50
+ 2 55
8 - 12
2 4 18
10 1 59
13 4 100
3 - 76
+ 6 80
3 1 53
5 11 77
14 8 23
13 7 23
8 1 97
+ 10 42
12 7 78
10 8 9
9 3 50
+ 7 92
5 - 55
+ 14 16
5 13 3
+ 9 39
6 8 56
15 4 94
15 2 18
+ 3 19
15 7 7
11 14 7
+ 13 13
9 - 22
11 6 5
12 9 33
13 2 75
7 4 20
14 10 31
2 10 34
11 4 36
2 1 80
7 9 68
10 - 82
5 14 90
5 15 32
6 3 14
4 9 93
14 7 33
13 14 60
13 6 28
13 1 58
1 - 23
11 7 75
5 6 70
15 10 36
13 9 62
10 3 66
12 2 49
+ 15 72
15 9 60
10 9 26
4 3 19
12 6 99
14 9 4
15 8 11
11 15 76
11 77
10 - 11
5 8 77
5 7 7
6 - 19
2 1 41
10 3 70
11 9 76
6 4 48
11 1 51
6 7 41
9 10 19
10 4 90
+ 8 52
8 7 96
6 3 62
8 10 40
2 7 67
1 3 28
5 1 89
2 8 82
3 7 72
2 3 57
+ 5 16
2 - 33
8 9 52
8 1 25
2 10 53
+ 3 18
8 4 16
1 10 77
+ 9 37
5 9 88
2 4 38
8 - 45
3 4 70
9 4 1
8 6 67
+ 1 51
1 7 53
9 - 89
11 - 44
+ - 92
11 6 67
11 4 43
9 1 4
11 8 89
9 6 35
11 3 30
+ 4 94
5 11 74
+ 2 36
5 2 4
5 10 1
6 10 95
1 4 50
11 7 26
2 6 68
11 2 75
7 - 15
2 9 70
5 4 74
+ 7 49
9 7 43
4 - 15
5 6 4
7 4 84
10 7 13
5 - 64
6 1 51
8 3 65
11 10 14
1 - 86
5 3 53
+ 11 56
9 3 46
+ 10 83
+ 6 34
7 36
6 - 66
7 1 69
5 7 82
6 1 51
5 1 39
6 4 19
6 7 85
2 1 49
4 - 29
7 4 60
+ - 22
1 - 31
+ 6 35
+ 7 85
2 3 6
3 4 27
5 3 71
6 2 28
6 5 4
2 4 48
4 1 63
6 3 87
7 3 87
5 2 51
+ 3 3
7 2 71
3 1 12
2 - 7
5 4 89
+ 4 60
+ 2 52
7 - 43
+ 5 10
+ 1 100
3 - 5
5 - 83
19 190
19 12 15
13 19 24
7 6 90
1 12 91
+ 15 73
+ 19 21
2 17 88
13 - 69
2 19 77
14 8 71
9 10 57
10 15 30
12 - 30
9 1 17
11 12 26
14 5 96
13 2 34
13 1 81
2 1 35
16 15 75
2 15 52
3 17 10
11 14 82
3 12 89
+ 3 51
13 8 30
2 8 86
9 19 44
18 9 55
16 9 77
14 18 72
9 5 13
11 16 38
16 12 63
13 12 52
7 15 45
17 8 34
14 19 69
9 8 98
18 19 15
6 - 80
16 6 74
3 2 6
13 7 3
11 - 77
15 12 41
+ 2 7
+ 8 85
2 - 9
16 5 66
14 9 73
7 19 89
14 10 31
14 - 90
11 7 50
15 17 82
7 5 47
18 12 94
18 - 74
18 10 54
14 3 52
14 17 90
6 12 38
17 12 74
6 8 57
3 7 57
16 18 91
11 17 17
15 8 48
2 5 56
7 4 70
9 7 98
14 12 57
1 10 16
13 16 90
4 8 59
5 19 34
16 8 27
+ 18 12
1 8 65
13 9 35
+ 12 71
10 - 83
+ 14 32
14 1 93
4 10 27
+ 10 83
3 - 54
1 19 11
3 8 16
2 7 20
4 17 20
15 19 11
+ 6 82
16 14 81
10 17 42
14 6 42
5 15 21
9 4 37
11 15 99
3 1 92
13 6 95
11 18 9
4 6 66
3 9 97
3 19 27
7 1 29
16 7 74
19 8 2
9 6 3
3 15 73
16 - 100
13 17 93
+ 13 3
11 9 61
13 3 78
9 - 38
1 17 37
3 18 88
18 8 10
+ - 54
3 5 91
18 2 80
4 - 65
7 10 30
16 4 50
11 8 7
17 19 95
2 12 40
5 12 6
11 4 87
16 10 67
11 3 43
10 19 97
5 1 61
18 7 41
14 4 31
+ 11 94
11 1 24
+ 16 14
3 6 99
4 5 39
10 8 45
13 4 89
2 4 49
6 19 56
1 15 19
11 6 13
3 10 66
5 8 68
16 2 78
7 12 81
13 5 31
11 19 27
18 4 72
14 15 100
15 - 78
6 10 53
7 17 23
8 12 9
4 19 29
+ 4 37
13 15 78
9 15 12
1 - 27
2 6 95
16 19 31
16 17 59
5 6 81
6 15 19
18 15 71
18 5 75
18 17 83
3 4 78
14 2 28
+ 1 50
17 - 99
8 - 32
4 1 55
11 5 65
5 - 87
14 7 85
5 10 94
+ 17 51
9 12 63
5 17 16
9 2 29
11 2 40
11 13 57
4 12 77
7 12
+ 7 64
6 - 8
+ 3 36
+ 6 77
6 3 33
4 7 58
6 4 38
5 4 66
3 - 55
2 - 91
+ - 28
+ 5 44
4 12
+ - 80
1 - 70
3 - 47
1 4 29
+ 1 41
2 1 84
+ 4 96
+ 2 89
3 1 28
4 - 93
+ 3 71
2 - 69
6 28
5 3 7
3 - 44
+ 4 26
+ 5 53
6 1 6
6 3 90
3 1 90
6 - 63
6 5 87
5 1 43
5 4 47
2 - 92
+ 3 63
6 2 91
5 2 9
2 1 45
+ 2 84
+ 6 66
1 - 24
+ 1 50
1 4 38
4 - 77
3 2 63
6 4 95
3 4 69
+ - 22
2 4 54
5 - 55
19 192
14 - 71
8 10 19
7 11 12
16 2 46
11 19 55
3 - 79
19 15 3
18 2 96
9 12 66
1 14 77
10 12 48
10 13 66
16 3 70
9 2 40
8 15 15
+ 10 15
17 11 100
7 12 17
3 12 39
8 9 42
+ 13 21
18 7 3
4 9 69
4 3 41
1 13 6
18 14 85
5 9 52
5 - 72
15 - 31
5 17 82
17 - 81
3 7 3
6 19 3
5 12 48
19 12 33
+ 1 73
17 14 9
4 - 69
1 12 20
8 14 46
16 13 78
1 - 99
9 11 9
+ 12 22
5 1 82
+ 3 41
13 9 1
1 7 3
16 11 87
8 18 50
16 12 77
+ 16 21
9 15 34
+ 9 16
13 17 100
6 18 76
16 7 58
2 14 57
17 15 83
3 10 88
16 8 20
16 - 82
7 15 90
2 19 44
5 16 67
13 7 17
4 10 5
9 - 38
19 - 33
13 11 93
8 17 6
10 7 17
3 14 74
16 19 17
8 6 74
12 15 16
8 3 5
5 14 28
18 13 66
18 17 80
1 17 20
14 11 64
16 9 16
11 15 83
8 19 15
+ 6 98
+ 15 10
+ 17 26
11 - 46
7 19 82
3 2 59
1 16 80
10 - 37
18 15 41
10 15 53
5 2 75
4 17 83
7 14 99
+ - 84
1 9 73
6 9 27
3 17 89
3 9 72
+ 7 29
4 11 8
6 11 16
1 19 57
18 10 74
5 15 5
10 11 97
2 15 26
4 6 43
16 14 25
6 - 37
18 9 58
10 14 14
17 12 46
10 2 53
5 13 57
5 18 60
13 - 86
8 11 25
7 2 42
4 14 84
+ 4 80
16 17 3
4 7 2
18 3 80
2 11 94
1 3 91
5 3 20
5 19 40
14 19 96
16 10 18
4 1 24
13 12 62
3 13 70
+ 11 35
1 18 68
9 7 88
4 2 26
10 19 66
8 13 75
9 19 4
10 9 59
+ 14 71
6 10 49
8 7 49
8 12 4
6 17 58
6 13 55
18 - 29
4 15 55
6 2 64
9 14 93
+ 8 50
+ 5 89
4 19 62
8 2 16
6 12 60
13 15 78
18 11 65
14 12 92
+ 18 49
6 3 50
4 5 73
13 2 22
18 12 55
5 7 79
17 19 85
14 15 58
6 15 24
3 15 6
+ 19 24
3 19 34
1 6 64
16 18 24
4 12 12
2 12 33
16 15 46
5 10 17
16 6 7
1 11 97
4 13 52
13 14 78
4 18 49
8 - 30
5 11 62
2 - 41
5 8 16
+ 2 90
13 19 50
13 91
12 13 60
1 - 11
4 3 61
3 5 90
5 9 25
2 9 87
+ 12 30
11 4 75
7 13 15
5 10 100
6 10 79
2 6 82
+ 8 46
4 8 14
4 1 33
2 5 12
13 - 6
+ 2 79
+ 7 47
8 9 19
11 8 12
+ 5 40
2 10 96
11 10 53
4 12 12
1 9 70
12 10 44
2 1 86
3 8 93
1 13 95
12 5 57
+ 10 98
4 9 88
11 3 4
6 12 29
4 6 79
6 5 81
7 12 10
3 10 82
7 - 97
7 3 79
2 4 44
11 5 33
4 10 83
3 12 91
7 1 88
9 10 86
6 13 28
8 6 100
11 6 43
9 13 13
2 - 72
3 6 58
8 - 56
+ 6 19
11 9 54
3 13 5
12 - 95
10 - 99
2 7 81
7 10 52
8 13 22
1 10 74
7 5 33
+ 9 38
11 7 99
11 1 96
1 6 75
11 13 48
7 6 56
+ - 42
+ 1 46
7 4 39
1 5 54
6 9 73
2 13 69
+ 11 67
11 12 46
2 11 56
8 5 52
+ 4 33
2 12 32
1 12 60
12 9 70
4 - 60
5 - 71
3 - 97
8 12 58
8 1 51
5 13 63
4 5 45
1 3
+ 1 66
+ - 60
1 - 93
12 18
+ - 99
8 9 53
6 - 77
10 12 82
4 5 55
8 10 76
1 3 48
+ 7 64
1 11 77
3 11 19
3 9 29
9 5 23
2 6 77
9 - 24
4 - 2
2 10 23
10 - 74
2 12 12
16 132
15 9 63
13 7 17
6 5 50
13 5 78
7 2 28
+ 7 71
11 12 42
16 6 22
9 4 62
8 10 26
11 5 80
1 - 83
4 10 25
4 - 48
15 8 64
+ - 84
+ 4 72
9 14 63
8 7 46
1 8 59
1 16 6
7 6 35
+ 2 78
15 1 54
9 - 85
7 9 18
1 14 77
5 12 1
15 12 77
13 - 31
15 - 89
+ 1 46
8 9 95
15 7 14
4 14 35
9 16 19
13 10 3
7 14 59
1 9 26
16 12 64
16 10 15
9 11 55
7 5 40
+ 6 88
6 10 40
3 16 24
10 - 68
13 4 26
+ 3 2
11 4 66
3 - 38
2 - 24
+ 16 58
1 6 55
3 10 91
3 7 98
2 4 7
2 12 67
16 4 38
11 14 71
1 10 73
3 11 12
9 5 39
5 14 50
+ 13 97
+ 10 77
+ 8 94
16 - 57
3 5 32
2 10 47
10 14 98
13 15 46
1 7 17
15 6 91
7 11 51
13 8 11
14 - 93
13 14 66
1 5 96
8 12 3
13 11 83
12 - 98
13 2 45
16 11 27
8 4 17
+ 9 68
13 16 59
15 11 29
3 6 87
3 2 20
8 2 2
15 2 94
1 11 97
11 6 27
7 - 87
1 12 10
+ 15 81
5 - 77
7 10 68
13 9 78
16 14 95
7 12 16
9 12 54
15 4 29
+ 11 85
4 12 78
13 1 45
8 14 37
3 8 73
3 1 43
2 5 55
2 14 25
15 3 22
15 16 14
+ 12 11
7 16 21
1 2 68
14 12 22
+ 5 44
7 4 71
6 14 15
8 11 23
9 6 48
2 16 60
15 10 64
15 5 63
3 4 95
3 14 82
10 12 31
8 - 90
6 4 46
13 3 72
1 3
+ - 2
+ 1 72
1 - 80
2 6
+ 1 93
+ 2 68
2 - 16
2 1 63
1 - 39
+ - 45
5 21
5 4 17
3 4 50
2 - 30
2 4 16
2 1 87
5 2 98
1 4 66
5 1 67
3 - 92
4 - 11
1 - 4
+ 5 33
+ 2 92
+ 4 40
5 - 32
+ 1 35
5 3 25
+ - 23
+ 3 87
2 3 55
3 1 77
6 25
5 4 66
+ - 56
4 - 85
+ 2 1
2 5 36
+ 6 7
2 - 12
3 1 49
6 5 61
4 1 1
+ 5 51
+ 4 52
2 1 58
6 3 58
6 1 10
5 - 22
2 6 82
6 4 57
2 3 42
+ 1 95
5 1 63
5 3 57
1 - 11
+ 3 81
6 - 30
25 200
+ 1 98
12 20 71
20 23 92
6 19 93
6 4 50
12 18 54
15 22 32
21 20 98
5 22 17
+ 21 60
12 11 31
17 12 64
6 10 16
17 25 61
14 25 53
1 9 15
2 - 66
16 7 95
23 4 78
24 23 99
14 5 80
21 13 47
7 18 36
15 25 7
4 22 62
2 8 94
14 9 23
17 18 67
19 4 96
19 15 1
6 - 97
3 9 43
1 19 13
+ 17 2
12 7 9
16 4 79
24 25 98
12 - 62
12 5 58
21 10 67
12 22 85
14 23 5
18 25 61
14 19 77
14 6 33
8 6 65
16 9 82
12 19 23
2 22 14
14 2 92
9 22 33
13 22 46
3 18 2
17 3 29
7 22 11
7 10 28
1 24 79
8 22 59
3 25 96
21 2 36
12 23 30
12 24 82
20 9 45
13 6 71
3 7 29
20 18 30
7 23 52
2 4 43
5 19 83
25 - 91
13 9 75
23 18 3
+ 8 54
24 16 60
8 11 23
12 25 44
10 - 87
20 25 79
2 25 82
13 16 68
4 25 74
2 23 97
16 2 90
11 4 23
24 3 84
20 11 72
14 3 6
+ 20 14
+ - 96
3 8 87
+ 2 25
21 22 26
21 8 74
+ 13 1
18 - 42
7 11 59
13 8 49
5 24 46
17 2 52
14 15 4
1 16 60
24 7 30
+ 9 27
8 10 66
6 15 45
5 - 96
13 20 13
9 19 6
14 - 53
12 8 77
20 16 66
6 18 14
19 22 8
9 15 59
1 - 41
11 19 75
3 - 62
20 6 84
1 11 56
16 10 32
2 10 79
17 23 80
7 - 63
5 6 34
11 18 40
16 - 2
14 20 23
18 22 59
1 5 66
1 14 64
14 16 56
24 22 86
3 10 75
5 11 53
14 21 36
+ 4 64
3 2 21
+ 22 67
1 18 51
21 - 20
9 - 19
9 25 88
1 3 80
24 13 58
3 15 74
18 4 99
5 7 46
20 15 53
13 23 6
22 - 35
12 3 83
23 25 41
21 7 77
17 22 7
7 15 37
1 4 45
+ 14 79
7 19 61
21 6 25
17 20 42
13 10 42
5 23 84
13 15 74
14 7 67
20 2 22
19 18 100
+ 3 90
5 18 12
14 12 93
24 4 97
21 4 61
23 19 44
24 8 27
3 4 71
12 9 30
16 25 72
14 18 100
17 7 73
1 8 62
14 13 38
25 10 30
21 18 49
24 15 86
3 16 68
6 22 1
5 2 83
14 8 21
+ 5 82
17 15 92
24 6 14
20 22 31
22 10 90
11 22 38
17 24 49
1 20 26
20 8 50
1 22 45
18 10 53
18 15 91
24 10 19
11 76
11 9 2
+ 8 96
8 10 3
8 2 52
1 10 16
6 5 82
8 3 76
11 - 91
6 2 75
3 7 22
6 1 89
5 2 13
6 9 96
9 3 86
5 1 25
5 9 64
2 - 50
6 11 63
6 8 7
8 9 6
4 11 73
6 - 58
4 8 23
+ - 30
5 - 47
1 3 65
1 - 62
6 7 40
11 3 60
4 - 90
4 1 97
2 7 26
+ 6 95
4 2 19
8 - 61
2 3 41
5 3 58
5 10 20
3 - 46
+ 4 29
7 - 5
+ 11 6
4 9 65
4 7 87
1 2 91
2 10 83
5 11 80
1 9 9
9 7 55
11 2 95
+ 9 72
1 8 93
4 6 1
11 8 86
10 - 26
5 8 81
+ 10 53
7 10 25
+ 5 24
+ 7 80
6 3 11
9 - 31
+ 1 41
4 3 70
2 9 78
9 10 93
+ 3 92
11 1 24
11 7 88
8 7 22
1 7 7
4 5 14
11 10 82
4 10 27
6 10 72
+ 2 55
5 17
1 3 19
2 - 15
+ 1 59
4 3 43
5 - 79
3 - 100
5 2 80
5 3 58
5 4 32
4 2 19
+ 2 44
+ 3 53
+ - 20
3 2 8
+ 4 3
4 1 96
+ 5 89
11 73
2 9 98
5 4 45
2 8 59
6 5 53
10 8 70
+ - 30
+ 8 18
+ 3 61
10 11 57
1 - 46
4 9 21
1 2 49
7 4 39
+ 4 92
6 9 87
9 11 6
10 4 19
6 3 3
1 3 38
10 2 71
+ 10 92
+ 9 38
6 - 90
1 11 40
+ 1 45
+ 6 87
3 4 15
3 9 34
+ 5 83
10 5 85
3 8 25
7 3 27
1 5 49
4 8 47
7 11 5
+ 11 25
6 8 83
2 - 7
8 - 76
10 9 90
2 11 92
5 9 44
+ 2 13
10 - 2
9 8 21
+ 7 84
6 4 7
7 10 93
6 7 63
4 - 3
10 3 55
1 4 89
3 5 54
1 10 42
5 - 53
7 1 92
6 11 28
5 8 59
3 - 91
2 4 39
1 9 60
7 5 48
7 2 13
2 5 100
7 - 74
3 11 29
3 2 3
1 8 59
7 9 39
7 8 10
6 1 94
9 - 70
11 8 12
9 21
4 9 95
+ 4 85
6 3 54
3 5 89
2 5 43
2 - 87
9 7 63
+ 3 40
3 - 64
4 8 23
2 7 1
1 - 88
4 6 26
+ 6 38
8 3 2
9 8 74
8 7 73
2 3 71
8 - 65
1 5 92
6 7 26
11 65
+ 4 70
1 7 11
+ 10 53
5 6 32
3 1 14
5 4 42
3 9 60
9 7 26
+ 1 73
+ 6 69
9 - 88
5 - 80
6 8 95
11 2 90
5 2 64
2 - 80
11 10 12
3 10 94
11 - 71
4 1 79
1 10 9
+ 7 50
8 2 29
8 10 27
+ 3 18
9 8 87
1 2 35
9 4 39
5 11 13
3 - 40
+ 5 99
3 6 17
6 - 33
+ 9 64
6 7 87
4 10 4
6 11 88
9 11 3
8 - 17
5 8 87
7 - 29
+ 2 66
+ 8 19
11 7 84
5 10 57
9 10 91
10 2 36
+ 11 61
7 8 24
4 2 32
6 10 7
5 7 29
1 8 75
3 4 41
5 9 58
5 3 10
6 4 16
10 - 24
5 1 25
6 9 40
7 10 38
9 1 6
9 2 85
3 8 20
1 - 29
12 87
12 4 71
8 11 9
8 3 53
6 4 100
10 9 83
1 4 66
6 7 73
9 - 12
8 6 23
4 - 26
8 7 78
12 9 51
7 9 11
11 7 95
1 2 90
8 10 83
10 2 14
8 12 89
+ 4 78
6 10 22
10 12 86
1 7 98
12 2 37
8 4 83
6 12 100
6 11 1
+ 8 80
1 9 34
11 9 27
8 9 82
10 11 88
3 5 6
6 9 49
6 - 78
5 2 99
3 - 5
+ 12 46
1 - 71
3 4 26
+ 6 36
11 5 46
10 5 22
3 11 62
12 5 93
1 11 11
10 7 36
1 12 35
2 4 87
5 7 39
8 5 42
1 6 96
3 12 89
+ 7 83
7 - 49
11 - 17
2 - 46
11 2 9
+ 10 60
8 - 35
+ 11 63
+ 3 87
1 3 61
5 4 7
12 7 34
3 7 95
4 9 27
2 9 12
+ 1 41
6 5 43
8 2 47
11 12 61
5 9 2
7 4 59
3 2 70
+ 9 26
+ 2 19
10 4 51
10 - 49
10 3 1
8 1 36
11 4 30
5 - 37
1 5 1
3 9 80
12 - 59
6 2 100
6 3 60
20 194
+ - 63
8 15 40
8 5 14
6 3 28
15 19 88
11 15 60
19 9 39
12 18 81
12 4 18
4 2 71
17 15 52
13 19 87
16 5 63
17 9 43
11 19 43
8 19 11
14 20 20
12 1 59
6 11 93
10 19 42
18 1 49
3 9 17
20 15 66
6 4 89
+ 4 85
+ 8 17
1 19 4
14 11 61
18 9 98
14 2 38
13 11 46
+ 14 59
4 7 5
12 11 62
18 7 42
4 - 41
4 15 93
17 4 84
13 3 29
3 15 14
5 13 26
14 5 58
18 13 79
16 4 72
14 1 22
5 17 62
16 17 30
15 - 25
4 3 85
4 9 30
+ 1 10
14 13 18
+ 3 48
12 16 66
5 18 37
6 14 3
17 13 73
6 19 56
6 - 72
14 10 21
6 5 57
2 19 26
16 - 69
17 2 12
17 11 48
6 20 27
6 2 63
17 7 63
8 - 47
12 19 53
15 9 11
8 18 100
+ 10 58
+ 19 55
6 18 79
5 19 16
6 16 36
8 17 34
6 17 4
20 4 21
6 15 4
10 9 78
7 19 37
3 2 54
16 3 36
2 11 64
18 19 78
12 17 32
+ 17 44
6 7 86
1 3 14
12 6 1
1 9 52
3 - 17
17 20 64
7 - 97
12 9 67
14 15 51
16 1 29
12 7 69
13 - 93
6 1 88
7 9 20
20 1 33
10 - 1
12 10 6
5 10 37
2 7 100
8 13 40
1 10 87
1 - 74
12 15 51
16 10 83
4 11 57
1 4 82
5 4 72
4 10 7
12 5 28
16 14 39
13 1 60
16 11 84
2 15 66
+ 12 57
20 7 5
+ 16 8
1 15 90
12 3 28
3 7 39
18 15 40
18 20 52
3 19 44
16 18 34
17 1 19
12 8 5
3 11 57
12 2 30
+ 13 18
16 8 20
13 9 36
8 4 13
16 20 49
+ 18 58
14 3 79
19 - 65
18 11 32
14 8 89
9 - 70
5 20 7
20 - 7
10 7 16
20 10 67
13 15 6
5 3 19
8 1 19
17 19 71
13 2 89
8 11 6
15 7 32
18 2 89
8 2 20
6 13 6
10 11 2
16 7 52
5 1 57
5 7 17
17 - 93
+ 15 60
18 17 77
16 15 9
20 11 46
5 11 72
+ 6 43
14 9 34
5 15 37
11 - 8
11 9 81
10 15 2
14 17 45
12 20 97
5 - 32
6 10 55
12 13 88
11 7 14
+ 7 36
18 4 65
8 20 37
14 - 77
20 13 78
4 19 6
14 7 53
12 - 27
16 2 62
18 - 70
18 3 3
4 14
2 1 89
+ 3 89
3 - 87
4 - 2
3 4 98
1 4 24
+ - 97
1 - 55
2 3 11
+ 4 41
2 4 88
+ 1 69
+ 2 100
1 3 19
6 22
3 - 97
+ 6 66
1 3 13
6 2 31
+ 1 40
5 - 18
4 3 38
5 3 40
6 - 87
2 - 24
4 2 36
6 4 87
+ 5 50
6 3 8
4 5 36
+ - 89
6 5 6
4 1 23
+ 3 19
4 - 8
3 2 81
6 1 42
4 12
3 - 41
1 - 29
+ 4 96
+ - 89
4 3 73
2 1 19
+ 3 68
4 2 79
+ 2 91
4 - 27
2 - 25
3 1 74
13 80
9 4 14
5 2 8
5 13 4
8 9 22
+ 10 70
5 4 26
12 - 14
3 7 20
10 2 94
12 4 77
1 7 13
11 8 97
12 11 17
3 5 100
2 7 49
10 8 71
12 8 63
10 5 87
6 4 44
13 7 39
12 2 76
+ 6 25
2 4 53
1 11 72
+ 11 88
11 10 97
9 7 39
6 2 1
6 10 33
3 11 81
5 7 22
11 5 35
4 - 61
7 - 89
11 6 32
12 5 72
3 - 95
5 - 59
+ 9 46
10 7 22
+ 2 3
8 13 25
1 6 50
8 2 26
2 - 7
+ 4 38
11 7 54
+ 3 90
3 2 27
9 - 77
13 4 32
3 8 79
3 12 78
5 9 73
4 7 7
1 8 41
13 9 4
+ 8 17
+ 13 84
8 5 78
3 1 74
11 2 92
11 13 83
1 - 83
+ - 41
12 6 7
10 9 27
12 13 60
12 10 65
6 5 25
3 9 17
1 13 37
11 9 4
3 10 16
1 5 92
8 4 2
10 13 48
1 10 4
10 - 54
6 9 17
48 200
39 15 83
25 42 29
19 29 63
41 7 65
1 40 4
17 5 46
11 14 49
20 32 9
6 14 12
36 10 79
22 42 18
33 46 70
+ 30 60
35 15 25
45 46 73
8 10 77
40 24 1
32 3 99
17 4 98
11 9 95
+ 40 38
45 1 67
5 31 37
36 47 21
8 47 41
12 22 20
8 41 99
25 28 5
6 3 17
46 - 92
43 24 11
19 11 48
31 14 1
45 42 39
34 16 54
25 46 28
16 15 25
18 35 39
28 3 95
4 - 45
7 40 58
1 - 90
25 48 28
41 5 56
16 9 36
15 24 70
17 42 43
21 29 64
34 42 99
28 48 49
20 24 29
16 24 71
38 3 27
38 24 58
36 - 46
39 3 68
33 10 41
25 10 8
41 43 89
39 40 52
21 13 59
8 1 99
12 29 41
15 23 81
30 15 57
38 46 8
37 - 39
34 30 86
12 8 30
29 5 74
41 33 15
27 48 85
19 45 57
5 24 84
34 4 21
21 9 80
7 10 90
29 47 56
17 21 38
22 31 33
43 10 40
8 38 20
17 34 28
6 48 85
48 13 68
6 16 54
29 44 39
26 9 24
22 46 19
17 41 90
28 23 62
11 7 23
22 17 52
36 1 65
39 5 90
2 10 87
27 42 51
29 9 11
32 26 68
34 10 81
10 40 63
42 1 80
18 40 35
5 38 27
28 14 38
19 38 64
44 48 14
+ 27 29
4 24 61
30 35 54
27 40 59
38 9 3
39 34 84
21 35 64
41 46 29
20 22 9
33 24 66
46 40 8
7 23 8
+ 6 53
27 26 2
16 - 77
23 - 95
22 25 91
20 11 55
31 24 11
4 31 20
20 2 81
33 47 71
19 42 53
19 30 29
12 45 66
25 16 38
41 31 38
30 40 55
22 26 39
48 47 38
32 35 96
22 34 79
35 31 6
+ 4 22
18 13 64
47 37 48
34 24 44
35 24 58
17 13 80
+ 29 8
27 6 67
5 4 95
41 44 35
18 9 41
8 3 34
46 1 27
42 14 59
6 10 6
34 37 2
39 31 58
33 4 29
12 15 15
3 47 13
6 44 49
11 2 72
32 5 20
4 23 26
19 40 97
8 37 1
33 27 67
27 29 91
7 24 20
8 32 85
30 26 88
6 29 41
12 4 15
20 27 28
8 7 95
28 17 39
12 34 72
19 31 64
45 24 21
1 23 34
18 39 58
25 11 9
+ 5 10
38 14 75
12 40 35
34 43 48
26 - 40
18 29 59
1 13 64
25 18 91
20 31 34
45 18 26
22 9 51
12 37 96
+ 26 36
38 16 61
27 44 21
25 43 67
41 23 29
45 35 87
7 36
+ - 92
5 3 100
4 - 88
+ 1 31
1 2 93
+ 6 20
4 5 12
6 - 69
6 7 54
4 3 55
6 2 59
1 5 31
+ 2 36
3 - 54
4 6 5
4 7 14
5 7 52
2 3 10
6 3 74
5 2 59
+ 7 49
7 - 58
1 - 32
4 1 41
5 6 31
+ 5 12
2 - 30
1 6 82
+ 4 81
+ 3 71
7 3 38
1 3 76
1 7 39
4 2 22
7 2 9
5 - 65
9 52
5 1 47
+ 9 22
7 1 80
4 6 15
6 8 68
7 5 83
+ 5 68
7 - 87
7 4 92
5 8 29
4 1 58
8 - 91
8 1 51
3 6 51
5 9 88
+ 7 79
3 2 80
7 6 90
+ 8 25
9 1 80
3 1 2
7 3 4
7 8 11
+ 3 75
3 - 78
9 - 61
5 6 14
4 9 93
6 - 53
8 2 1
9 8 91
3 8 56
6 1 46
7 2 25
7 9 56
5 4 19
5 - 39
3 4 27
+ 6 98
1 - 92
4 8 88
+ 4 70
+ 2 75
5 2 34
+ 1 26
9 6 88
4 - 44
2 1 6
9 2 58
6 2 16
2 - 34
5 3 97
4 10
2 - 5
3 4 10
+ - 67
+ 3 93
4 2 49
1 2 60
3 - 33
4 1 94
+ 1 56
4 - 43
18 173
9 7 28
9 - 90
9 1 65
+ 7 94
6 16 67
6 4 6
18 1 31
12 1 42
17 5 8
4 1 100
2 4 54
2 9 94
6 - 11
8 1 97
18 3 17
+ 4 76
8 13 89
14 5 10
17 12 23
16 13 88
4 - 88
5 11 46
11 12 91
11 15 43
+ 10 49
18 6 86
14 11 41
14 2 21
5 9 50
+ 2 12
18 12 86
7 1 19
5 1 97
+ 12 46
17 18 20
17 8 71
9 15 83
8 4 45
15 - 65
6 1 8
10 16 81
2 18 92
5 18 8
15 12 9
17 2 12
2 16 26
17 11 79
9 8 94
5 16 64
14 4 32
11 1 81
14 12 11
14 1 55
9 10 95
6 10 45
8 12 65
+ 13 37
+ 5 37
5 13 81
6 15 26
8 16 67
10 - 10
10 15 53
11 3 23
2 6 75
17 15 75
14 3 97
10 7 25
18 10 59
16 1 77
16 12 72
14 18 47
18 8 37
7 4 16
17 1 31
14 17 99
14 - 43
10 12 94
11 7 67
2 5 14
9 16 94
+ 18 91
17 7 72
13 15 4
13 4 57
11 16 51
+ 6 92
+ 1 98
7 8 18
5 3 91
14 16 31
6 3 59
13 12 86
6 13 14
17 10 1
12 - 17
5 12 63
2 11 8
16 - 54
17 - 71
18 - 3
11 4 75
2 3 12
5 15 33
7 16 24
3 1 42
+ 11 65
2 - 97
5 8 32
18 4 80
17 9 34
17 13 3
1 - 88
8 15 60
+ 3 15
+ 14 76
17 3 6
14 10 91
3 4 19
18 13 99
3 - 61
17 4 64
16 3 48
7 3 93
10 13 29
7 - 52
9 13 64
14 8 47
9 3 31
2 15 83
18 15 91
9 12 60
7 15 42
15 1 47
17 6 6
10 4 91
9 18 79
+ 17 52
3 15 8
9 11 29
9 6 89
17 16 73
2 8 57
14 15 62
7 13 97
10 8 23
3 12 90
9 4 49
5 4 47
14 6 7
5 - 62
6 12 8
2 12 13
10 3 6
11 13 17
14 13 72
2 1 35
+ - 63
18 16 52
+ 9 45
16 15 83
11 - 44
5 6 50
6 8 5
18 7 99
+ 8 28
2 13 68
13 - 51
13 1 26
8 - 91
11 6 82
2 10 11
7 12 18
15 133
5 6 64
14 11 13
9 10 66
10 2 24
3 11 41
13 11 87
6 - 3
+ 5 73
4 15 82
11 2 72
14 10 96
7 13 30
12 1 15
9 - 36
+ 12 100
2 - 37
7 6 93
9 11 11
+ 7 84
+ 3 28
5 12 8
7 2 1
5 3 41
13 6 49
11 6 58
+ 10 76
10 12 61
+ 13 10
+ 11 21
8 6 31
+ 4 63
3 8 79
3 - 88
13 2 7
10 15 82
15 6 1
8 1 70
4 6 17
9 14 66
5 11 49
7 15 76
7 - 41
4 13 45
14 12 63
12 15 16
7 5 47
3 1 81
12 3 13
4 2 55
10 3 86
8 11 29
7 3 16
13 15 72
9 3 9
14 8 12
14 6 87
14 4 100
4 8 79
14 13 6
14 - 83
15 - 62
+ 6 45
+ 9 99
12 13 88
9 7 83
+ - 99
4 3 43
10 13 13
+ 1 46
4 - 20
3 6 81
7 10 47
9 2 76
12 - 84
2 6 64
8 2 74
14 15 46
3 15 63
9 8 36
13 - 86
12 8 74
12 4 72
10 8 48
10 11 38
5 8 67
5 4 26
11 - 29
7 4 50
5 1 55
12 2 23
4 1 3
10 1 32
8 - 41
9 1 50
1 11 59
+ 15 11
10 5 1
12 11 60
7 8 87
14 3 3
9 13 67
2 15 84
1 15 9
14 1 12
13 1 71
3 13 96
+ 8 68
9 5 37
10 - 30
1 6 43
14 2 58
1 2 87
7 1 27
9 15 3
5 2 43
14 7 79
5 - 58
9 6 98
10 6 11
8 15 5
3 2 30
7 12 34
8 13 13
5 15 12
+ 14 2
7 11 27
14 5 50
+ 2 63
12 6 14
4 11 75
10 4 89
9 12 81
5 13 42
1 2
1 - 100
+ 1 6
3 8
3 1 8
2 1 25
+ 1 62
+ 3 75
1 - 3
2 3 71
+ - 82
+ 2 50
4 12
4 1 2
+ 3 53
1 - 70
4 3 33
2 - 22
+ 2 51
+ - 96
+ 4 51
4 - 12
1 2 37
4 2 54
3 - 94
1 3
1 - 45
+ - 46
+ 1 32
5 1
+ 3 90
12 63
11 7 76
+ 5 99
+ 10 66
12 5 75
12 1 46
1 6 12
12 4 24
5 2 8
8 - 97
5 7 91
9 8 41
4 6 11
6 7 99
10 2 76
1 2 7
4 2 88
8 7 25
10 - 32
10 8 75
5 6 24
11 4 93
8 1 54
5 8 81
10 5 9
11 12 53
4 8 43
+ 11 43
6 - 55
10 6 26
+ 6 93
11 3 70
11 1 71
10 4 32
8 6 40
3 8 99
4 3 77
3 6 94
4 7 83
9 6 63
12 6 39
10 11 44
9 3 63
+ 1 16
10 7 65
12 8 69
6 2 71
3 - 90
4 1 15
12 2 13
9 1 26
1 - 15
11 9 29
7 - 75
9 5 56
8 2 83
5 4 95
9 12 18
10 1 89
9 - 27
10 9 44
+ 7 43
2 - 13
3 1 84
9 53
4 2 18
7 2 70
2 - 52
+ 3 63
6 4 70
9 5 79
+ 4 79
+ 6 16
6 8 98
6 2 87
6 5 5
6 7 76
9 3 91
9 7 95
6 9 60
8 - 45
+ 1 48
3 2 20
9 2 32
6 - 50
+ 7 74
4 1 12
1 - 59
3 - 18
5 - 65
9 - 5
+ 2 52
6 1 8
8 2 22
+ 9 12
5 1 58
3 4 82
7 - 59
7 4 21
4 - 89
8 1 96
9 1 24
8 7 60
3 7 85
+ 5 22
9 4 58
+ 8 1
+ - 70
5 2 22
7 1 30
8 5 85
8 9 67
2 1 16
8 4 2
5 3 65
3 1 51
8 3 99
5 4 74
3 10
+ 3 71
3 - 89
2 - 5
+ - 38
+ 2 63
1 - 33
1 3 3
1 2 33
+ 1 78
3 2 60
8 41
8 1 15
+ 2 24
+ - 42
3 1 88
2 3 65
5 3 72
4 8 26
7 1 19
+ 6 31
5 7 93
5 8 64
7 8 96
+ 5 12
5 2 85
2 - 35
5 1 11
3 - 20
4 5 35
2 6 63
7 - 90
6 8 18
4 - 64
4 6 34
+ 8 9
+ 1 22
2 1 8
2 8 80
4 2 85
+ 4 61
+ 7 47
4 1 99
+ 3 95
4 7 23
4 3 67
1 - 6
8 - 82
6 - 72
7 6 9
3 8 11
3 7 79
5 - 86
9 52
2 5 92
+ 4 10
6 5 20
2 4 71
+ 2 20
9 5 22
8 9 82
+ 8 25
8 1 26
1 9 59
+ 1 68
6 1 12
9 - 7
2 8 25
2 - 5
7 - 24
8 - 53
8 4 39
+ 6 86
3 5 25
2 9 70
8 5 26
6 9 49
5 - 61
1 4 62
+ 7 84
+ 3 66
6 3 71
8 3 54
+ 5 3
1 5 21
7 5 18
1 - 97
3 1 64
4 - 65
2 7 93
4 9 9
7 9 69
6 4 29
7 8 13
6 - 33
3 4 57
7 4 52
7 1 63
+ 9 29
6 2 99
6 8 100
6 7 3
4 5 7
3 - 35
2 1 12
3 9 7
15 125
5 3 21
+ - 52
5 13 90
14 6 14
1 13 96
8 1 3
1 3 42
5 10 50
5 4 68
7 9 72
14 11 42
9 4 83
13 12 46
1 - 66
11 12 24
14 9 77
5 11 52
1 12 77
5 1 60
14 13 2
11 13 95
7 12 57
5 6 43
10 12 58
2 - 85
6 3 100
6 4 30
+ 15 72
+ 7 30
5 9 30
7 - 51
14 2 93
2 12 33
5 - 61
8 13 85
+ 3 48
1 9 62
8 9 90
4 15 61
+ 12 89
3 15 21
9 2 89
7 6 66
9 3 53
+ 11 85
10 9 75
11 3 28
4 - 41
7 11 46
10 2 27
6 2 98
1 15 38
5 2 44
8 10 62
7 2 19
12 - 36
+ 14 30
10 1 64
14 12 45
10 11 32
8 15 62
4 12 67
8 12 3
9 - 38
11 2 20
1 2 26
7 10 55
13 - 76
+ 9 87
5 12 49
+ 1 3
7 8 66
6 - 19
15 13 17
8 2 32
1 11 61
14 4 4
10 13 67
4 11 86
7 13 44
+ 4 4
14 - 97
11 - 51
+ 10 77
8 6 56
7 3 25
15 - 31
14 3 48
6 11 79
6 13 64
15 12 2
7 14 50
4 13 84
14 1 47
9 11 3
11 15 26
15 2 42
14 15 13
8 11 13
6 12 66
8 3 81
+ 8 47
3 - 67
8 5 89
5 15 70
7 5 59
6 1 86
+ 13 61
9 15 34
7 15 85
4 3 47
8 4 93
10 - 3
9 13 99
+ 6 78
+ 5 87
6 9 54
6 15 41
8 14 88
3 13 50
+ 2 8
3 12 92
14 10 3
7 1 96
14 5 40
3 9
3 - 20
+ 3 46
1 - 38
+ 2 69
+ - 63
+ 1 13
3 1 12
2 - 80
2 1 85
13 100
+ 13 92
3 - 86
5 4 39
9 1 47
11 13 83
5 - 39
8 7 77
3 1 15
11 7 33
4 10 6
6 - 87
+ 2 56
2 7 33
3 13 63
11 6 55
10 8 25
6 9 95
2 - 37
11 - 37
9 13 87
3 9 22
+ 7 78
4 8 25
8 - 16
12 7 63
10 2 65
5 13 52
12 - 5
5 7 28
3 2 74
6 13 62
10 - 31
+ 3 30
6 1 16
9 12 9
9 - 66
+ 11 48
7 - 3
4 2 98
9 7 55
+ 9 7
3 6 42
10 7 2
8 12 40
+ 12 65
5 11 38
5 6 22
+ 10 14
4 - 74
+ 1 29
2 1 85
3 12 46
5 2 48
+ 5 81
12 13 2
10 9 50
3 8 43
4 12 16
6 7 73
10 6 76
9 2 12
13 7 74
+ 4 72
5 1 60
8 13 27
6 8 84
6 12 89
6 2 100
+ 8 76
4 13 46
11 12 11
1 7 84
11 2 4
3 11 70
4 9 73
8 9 24
2 13 98
11 8 1
4 11 18
11 1 20
8 2 28
3 7 29
1 13 54
10 1 8
10 13 52
12 1 89
3 10 91
5 10 23
10 11 5
8 1 42
+ - 23
5 12 91
5 9 46
12 2 63
1 - 96
3 4 36
4 1 66
11 9 45
3 5 85
+ 6 66
5 19
+ - 25
4 - 8
1 5 10
+ 3 43
2 5 66
+ 5 98
1 2 59
1 4 35
1 3 59
+ 2 19
+ 1 21
+ 4 11
2 - 12
1 - 45
5 - 8
5 4 66
3 - 16
3 4 92
2 4 96
22 200
5 19 27
22 21 64
2 7 32
22 12 51
18 15 9
13 20 52
5 2 45
15 20 29
10 4 9
9 12 6
15 12 59
+ 13 89
8 12 17
2 3 78
16 2 26
8 18 46
16 19 63
14 12 100
2 15 13
11 17 41
6 15 58
16 7 70
6 12 88
19 14 32
10 5 81
5 21 26
2 12 52
10 14 70
1 2 8
18 2 96
+ 17 97
8 22 34
6 5 56
13 - 95
10 9 37
10 21 88
+ 20 51
15 17 76
4 11 15
+ 7 31
5 14 67
6 7 85
6 17 95
9 11 7
4 16 52
13 11 44
6 18 54
22 3 54
16 20 90
8 4 56
22 17 84
13 15 66
10 17 45
16 5 4
16 1 9
9 17 12
18 20 38
+ 8 17
17 - 5
6 3 11
8 - 2
14 2 54
19 3 15
19 21 15
4 5 14
5 3 73
18 7 12
8 1 83
21 15 92
1 18 24
+ 11 25
6 11 61
+ 19 37
14 15 52
2 17 58
8 9 87
10 20 42
6 22 36
+ 12 8
14 20 51
5 - 79
19 20 82
6 16 26
18 - 78
18 5 86
22 9 54
13 12 100
10 2 72
21 12 25
8 14 86
4 12 51
12 17 48
7 12 17
1 5 56
14 - 22
16 12 93
1 11 30
8 16 6
2 20 53
3 20 58
6 9 97
4 1 61
6 20 43
+ 15 87
8 13 17
9 21 47
4 21 84
9 - 67
11 21 96
6 21 31
4 15 51
5 7 49
8 10 92
10 18 96
14 3 68
1 14 63
19 - 80
10 19 67
16 22 38
13 5 37
18 17 35
4 3 55
6 19 13
10 12 21
12 20 30
+ - 28
13 17 77
2 9 41
20 17 72
11 7 78
3 17 37
1 21 79
1 19 95
19 2 45
+ 22 31
11 - 38
+ 1 47
13 4 19
3 - 67
16 - 80
1 3 23
14 11 72
11 12 12
+ 9 36
8 5 96
9 3 32
18 11 31
5 20 91
18 19 50
+ 10 25
7 20 53
1 12 82
6 14 90
5 11 97
8 17 44
10 16 7
1 15 36
3 7 45
8 3 20
6 - 48
1 22 84
8 2 44
+ 21 40
4 22 64
7 - 17
16 15 71
5 22 91
10 - 13
1 9 77
13 7 44
22 15 41
10 22 81
10 7 81
5 9 42
4 19 32
14 7 49
1 20 40
16 3 78
18 12 61
13 9 63
8 21 23
16 14 9
11 15 16
19 12 75
+ 14 44
8 6 8
3 15 64
19 15 99
5 17 62
14 9 69
4 7 9
13 19 30
21 - 44
13 21 26
19 17 53
2 11 94
3 12 27
6 4 19
3 11 44
3 21 26
14 78
6 - 55
3 1 76
6 10 32
14 5 88
1 7 21
7 - 46
8 - 69
1 - 7
11 12 89
2 10 29
+ 8 58
3 12 82
4 - 51
13 2 43
11 4 89
5 7 86
9 6 90
5 2 64
9 4 45
14 10 54
4 12 73
13 - 35
3 10 94
4 1 83
13 4 60
14 2 24
3 6 94
+ 9 73
3 8 29
2 4 35
14 6 68
6 11 2
9 - 77
12 10 48
11 7 88
13 7 100
14 4 86
8 4 28
9 14 91
6 12 79
14 11 1
13 11 53
1 10 100
8 1 7
11 1 49
5 11 69
4 7 94
2 12 1
13 12 57
6 4 83
13 8 77
9 5 84
6 7 32
14 13 1
14 - 2
5 10 89
6 8 17
+ 12 99
+ 13 77
+ 1 13
5 1 22
9 11 55
4 10 13
10 7 38
14 3 49
12 - 48
8 7 62
+ 10 31
9 12 1
3 4 1
2 11 38
2 - 15
+ 2 48
9 10 87
+ - 43
3 7 17
5 12 63
14 12 65
13 78
+ 8 50
12 10 77
5 9 82
+ 4 61
11 - 10
11 2 79
11 8 47
10 9 21
5 10 88
+ 6 59
13 1 91
8 2 18
6 4 61
11 1 80
12 11 3
5 - 86
3 - 48
7 11 20
8 9 88
5 8 44
5 13 56
3 4 31
11 4 12
+ 11 31
12 13 52
7 6 82
1 4 83
3 7 3
8 - 63
3 1 58
3 2 37
5 1 10
+ 3 84
1 - 61
2 9 86
+ 2 49
7 - 21
4 - 70
12 2 7
13 10 9
7 1 90
+ 9 34
12 8 95
3 8 61
7 10 51
6 8 86
7 4 10
2 4 100
13 2 51
10 8 25
3 12 93
3 10 62
7 8 36
12 9 21
+ 5 24
11 10 63
6 1 53
13 - 35
3 11 56
5 4 28
7 5 21
3 13 51
7 2 38
6 - 67
+ 13 72
5 11 3
6 13 87
1 9 30
12 1 27
5 2 83
10 - 65
12 6 65
6 9 62
3 5 51
9 4 21
7 9 65
8 4 59
+ 1 29
19 200
2 18 80
16 4 100
2 19 31
10 1 68
12 3 29
16 15 3
16 18 82
+ 7 30
9 7 21
5 15 72
6 - 47
12 4 69
17 5 2
14 - 75
17 9 12
16 1 94
+ 14 27
9 - 66
7 2 24
5 7 77
9 4 8
7 19 41
3 1 42
6 19 25
6 13 10
1 18 74
8 6 1
4 18 38
+ 13 3
1 - 2
13 11 88
2 - 82
4 13 92
17 11 24
17 - 100
6 5 35
9 13 8
19 - 10
1 19 31
17 13 12
16 13 82
14 2 51
10 2 68
12 9 57
3 15 19
+ 17 50
13 10 29
12 7 3
9 8 12
8 11 97
16 11 22
18 - 45
12 11 90
7 - 45
+ 9 99
14 4 33
2 11 92
19 11 45
14 15 7
16 14 74
8 4 64
3 6 28
1 7 35
8 15 91
+ 1 3
16 12 12
14 3 17
15 18 100
8 18 89
12 13 49
16 17 55
5 11 64
9 14 60
16 3 77
8 1 2
+ 10 68
3 4 62
6 1 89
17 15 3
5 2 69
13 15 26
16 10 97
3 - 23
14 7 66
9 1 88
3 19 83
13 18 25
12 2 30
12 19 48
16 19 54
14 1 53
6 2 18
8 10 67
14 19 37
17 3 58
16 5 22
14 10 33
3 11 74
9 10 61
17 14 94
9 11 81
14 13 91
+ 6 46
1 15 42
14 5 60
10 11 88
17 8 78
6 10 62
8 7 91
+ 15 22
5 1 3
16 7 63
9 5 91
17 18 45
12 18 86
5 19 4
10 7 29
6 11 64
13 5 12
7 18 54
3 13 100
18 19 69
8 13 39
17 2 11
4 15 72
12 6 95
9 15 49
10 - 33
15 - 66
+ 3 84
8 5 65
3 2 100
11 - 12
8 14 23
2 15 78
15 11 45
10 15 59
12 15 20
4 5 90
13 1 18
4 19 84
10 19 16
4 6 44
14 18 68
3 18 94
+ 12 22
12 - 60
17 19 32
12 14 91
7 11 1
13 19 66
+ 4 60
10 18 33
17 10 71
9 19 82
+ - 55
3 10 98
5 18 80
16 2 13
4 2 44
17 1 16
17 6 88
9 3 97
9 18 45
16 8 79
6 18 87
12 10 27
14 6 59
15 19 48
+ 18 28
8 19 7
16 9 85
14 11 56
8 3 36
1 11 25
8 - 51
17 4 30
1 2 30
10 5 6
6 7 27
8 2 21
12 5 88
16 6 48
4 7 65
+ 16 75
4 10 91
6 15 72
17 7 28
4 1 30
16 - 65
+ 2 39
13 7 33
+ 19 41
+ 5 41
13 2 75
4 11 22
17 12 65
+ 8 57
3 7 58
3 5 19
6 4
1 3 49
+ 2 22
4 2 15
5 1 40
14 104
6 3 29
12 6 4
14 7 21
8 3 5
11 7 33
2 - 56
4 - 2
6 - 23
9 - 34
11 1 30
5 11 47
10 13 22
+ 3 47
4 9 88
11 9 31
5 7 19
8 1 30
+ 11 1
6 2 81
7 9 46
+ 4 46
1 - 83
12 1 30
3 13 2
7 4 68
7 - 34
10 2 5
13 9 13
8 13 81
12 13 4
13 2 75
6 4 90
14 - 21
1 2 97
12 2 20
8 4 100
+ 12 78
+ - 84
12 - 47
6 13 16
+ 14 77
3 - 58
8 5 64
12 9 63
5 - 38
+ 10 94
11 3 18
14 9 20
12 14 80
5 1 55
11 - 28
8 - 96
10 - 43
3 9 83
12 8 16
14 2 59
12 7 82
5 14 26
1 3 54
11 2 78
3 2 46
+ 5 85
10 11 69
8 10 25
+ 9 79
10 4 100
1 13 89
5 4 13
3 4 69
+ 13 44
6 10 16
7 1 80
4 2 75
+ 2 17
5 13 9
14 13 75
13 4 67
8 9 47
10 9 28
6 7 51
5 9 52
6 1 44
7 2 66
7 13 82
6 11 18
12 4 73
12 10 8
+ 8 24
11 4 93
1 9 51
6 9 70
8 14 89
+ 1 63
6 14 27
7 3 71
1 4 75
11 14 93
12 3 56
+ 6 80
10 1 96
8 2 57
10 7 17
10 3 30
6 5 88
6 16
2 5 51
+ 2 79
3 - 27
4 - 75
6 - 3
3 5 61
+ 1 71
1 4 22
1 3 67
1 5 91
+ 5 32
2 3 32
+ 3 90
5 - 46
+ 4 23
2 6 70
20 161
+ 5 76
5 2 67
18 8 5
16 7 84
9 1 42
+ 16 9
12 18 34
6 18 25
6 7 16
13 16 76
17 7 76
16 2 68
17 - 45
+ 3 15
14 4 97
+ 15 40
3 19 61
4 10 4
5 16 35
9 18 52
9 16 55
2 8 98
11 7 8
5 4 81
11 16 4
18 7 2
14 15 10
+ 14 45
5 18 26
13 12 79
3 6 7
+ 20 18
+ 7 42
3 4 72
14 9 16
3 15 54
+ 2 31
3 8 95
18 - 82
20 6 45
12 7 6
11 14 75
6 10 58
3 12 37
5 7 48
13 8 84
19 - 93
20 10 90
12 15 89
17 1 22
6 8 78
20 2 85
+ 8 61
3 - 99
20 4 42
13 2 60
14 6 59
14 13 5
12 17 31
9 19 54
9 15 54
1 18 77
4 19 36
20 18 44
14 18 88
16 8 74
1 7 62
11 4 76
13 5 44
2 18 58
16 - 54
2 15 82
11 10 68
13 15 79
20 - 90
3 2 5
19 7 16
9 13 89
20 5 20
4 6 46
16 6 68
5 10 32
11 3 39
11 18 47
2 19 89
20 9 1
+ 11 10
4 1 90
8 15 70
14 3 3
11 1 59
6 15 30
+ 4 83
12 2 76
+ 9 63
18 15 94
20 14 97
20 17 41
12 19 55
8 7 90
5 15 85
19 8 88
13 1 57
20 7 50
4 15 23
+ 10 3
11 6 89
14 19 75
19 18 81
14 1 7
16 17 45
9 17 85
12 16 18
4 8 13
2 1 82
1 8 76
12 1 6
20 13 34
+ 18 4
3 17 44
9 7 41
1 - 34
+ - 27
13 19 83
6 1 20
10 - 13
9 4 51
15 10 24
13 4 57
7 10 37
6 19 6
9 10 35
+ 13 74
18 10 88
1 15 57
8 - 94
14 17 99
12 10 26
9 - 73
1 10 34
9 5 45
+ 6 53
13 - 31
9 8 79
2 6 46
+ 12 41
5 8 92
20 11 26
14 5 59
15 - 30
12 4 92
20 19 36
9 3 33
14 7 41
2 10 76
5 6 19
+ 1 42
20 12 33
3 10 78
17 8 26
13 17 72
11 78
1 2 20
+ 5 71
10 6 5
10 2 8
5 - 36
3 2 25
6 - 24
1 11 95
8 7 82
3 4 64
1 7 56
1 4 88
+ 7 65
10 3 67
8 11 57
1 - 14
4 9 54
+ 1 69
7 - 99
4 7 27
10 5 79
5 8 42
+ 3 21
10 11 32
6 7 98
1 6 72
11 - 80
10 9 9
+ 10 5
4 11 95
6 4 43
5 11 18
9 7 97
9 - 1
3 5 8
10 - 32
10 1 32
3 9 50
2 - 5
10 8 64
4 2 83
8 2 45
3 1 8
5 6 30
5 9 89
4 8 75
+ 2 35
+ 9 7
5 4 38
+ 6 80
2 7 49
9 8 16
8 - 39
9 11 6
+ 8 90
1 8 97
4 - 25
3 6 24
1 5 87
3 8 66
3 7 30
+ 11 72
6 11 4
11 2 53
6 9 55
6 8 67
9 2 28
3 11 60
+ - 28
3 - 64
10 4 26
10 7 27
6 2 12
+ 4 57
1 9 30
5 7 4
11 7 86
5 2 99
1 3
1 - 61
+ 1 97
+ - 26
4 14
+ 2 23
+ 1 8
+ 3 31
4 - 22
+ 4 92
3 1 41
2 4 100
+ - 13
1 - 13
3 4 61
2 - 48
3 2 5
2 1 52
4 1 34
3 6
1 3 94
2 - 93
+ 3 51
3 2 5
+ 2 60
+ 1 28
1 2
1 - 49
+ 1 77
15 113
1 14 23
9 14 68
4 9 47
5 10 93
15 14 93
4 11 73
+ 4 25
+ 7 74
10 - 40
5 13 53
12 8 20
4 14 19
10 13 79
3 15 29
+ 6 38
10 15 90
11 2 6
10 2 67
12 1 54
+ 1 97
9 2 59
8 2 63
12 9 2
5 1 13
11 15 94
6 8 24
1 11 74
6 11 71
10 14 88
9 15 3
5 15 45
2 - 86
4 13 23
9 7 47
4 - 66
15 - 73
14 2 50
5 3 36
+ 10 74
5 6 8
4 12 75
13 7 11
3 13 52
4 5 20
6 3 36
1 15 31
9 13 20
14 - 42
9 8 94
+ 13 15
12 15 8
1 6 58
14 7 49
5 8 14
+ 14 47
3 8 25
10 8 77
8 14 10
4 3 8
6 14 40
9 11 76
4 10 44
3 11 81
1 10 87
4 1 34
+ 11 71
5 2 100
7 - 6
9 3 77
4 8 33
3 7 12
1 3 6
12 5 88
4 7 42
12 13 62
+ 12 39
6 15 71
12 - 30
+ - 90
5 14 65
12 2 16
6 7 100
+ 15 81
5 - 54
10 11 14
12 3 73
6 10 89
+ 8 76
12 6 93
3 2 21
4 2 77
1 8 35
5 11 8
3 14 83
11 - 31
+ 9 40
12 10 10
15 7 37
9 1 65
2 13 12
5 7 79
4 15 100
11 14 36
10 7 59
6 13 47
1 - 69
9 5 13
3 10 40
6 2 98
8 - 61
8 13 28
15 2 67
11 13 21
2 6
1 2 69
1 - 56
2 - 25
+ 1 89
+ 2 26
+ - 7
34 200
22 17 66
9 22 9
23 27 98
29 25 85
19 27 35
23 5 27
19 10 20
28 27 95
19 8 5
+ 16 73
6 11 2
7 - 35
4 31 79
7 20 86
18 15 62
32 3 6
32 23 69
18 27 19
+ 3 1
32 1 23
13 3 72
22 33 72
13 16 40
29 33 20
12 3 19
10 - 89
9 1 71
13 23 20
12 18 68
9 2 58
19 14 10
19 33 2
12 20 53
34 14 10
26 4 83
9 11 20
9 24 95
19 20 27
21 4 45
12 19 23
9 8 29
32 5 25
23 1 38
6 22 80
32 22 73
31 34 90
28 17 29
28 1 49
23 17 30
32 34 60
10 5 100
18 22 15
16 10 75
13 11 56
33 24 99
30 14 92
+ 30 15
6 13 90
10 14 29
28 34 1
+ 17 84
24 17 78
16 33 16
21 18 52
12 17 81
6 - 73
25 27 1
19 28 99
3 8 90
4 17 40
8 27 69
29 32 88
7 12 83
27 5 2
31 1 92
7 1 43
6 32 51
32 17 86
11 33 12
6 26 78
30 26 68
11 27 10
30 15 5
7 5 12
13 15 86
13 26 87
26 - 50
3 2 82
29 24 33
10 25 4
9 3 7
25 14 69
+ 14 94
32 14 15
18 14 80
15 3 52
10 33 60
9 28 95
20 23 99
30 4 32
6 28 87
+ 18 35
13 25 46
16 4 21
12 - 77
12 25 46
9 31 50
10 8 32
10 3 93
19 25 28
12 31 100
+ 22 4
6 19 70
6 12 51
30 20 72
7 29 92
16 23 74
6 33 76
33 1 41
29 12 54
33 20 18
11 26 79
28 24 45
3 27 35
16 19 41
28 23 94
5 1 56
15 33 63
17 - 39
24 34 48
17 14 61
31 23 16
22 8 16
29 27 56
20 - 99
26 28 69
20 1 88
21 1 64
9 27 100
24 5 73
23 25 16
7 14 54
32 24 21
7 13 64
8 24 26
6 10 70
18 1 8
29 11 84
13 18 60
9 18 38
11 2 8
24 14 27
11 17 18
26 2 34
3 1 94
26 34 29
21 11 91
3 34 91
15 14 83
+ 19 100
31 8 39
21 32 92
22 5 32
18 23 83
14 - 41
3 - 3
2 24 41
4 20 39
31 5 2
26 3 59
29 8 14
6 17 100
32 20 56
16 28 54
8 14 43
21 8 35
32 33 54
7 18 85
4 2 33
32 18 70
33 5 36
22 10 25
22 23 41
28 20 88
31 3 14
6 34 94
26 27 52
29 9 35
13 30 79
16 20 33
28 8 93
16 26 86
13 - 30
10 24 76
33 14 13
32 10 29
29 5 45
29 13 30
+ 32 100
18 - 70
9 55
6 7 6
3 4 79
+ 5 44
7 2 18
3 9 21
8 7 42
5 6 17
+ 4 100
5 1 32
+ 8 58
8 4 92
9 1 12
1 7 49
8 9 2
9 2 78
6 9 42
3 - 2
8 2 89
+ 6 14
+ 9 64
6 2 10
+ 7 24
6 3 98
+ 1 70
3 2 11
9 7 97
9 4 31
6 1 22
5 9 98
5 7 28
4 - 72
8 - 15
8 1 12
1 2 1
3 1 83
1 - 51
3 7 40
1 4 26
+ - 9
8 3 26
7 - 22
5 2 87
5 - 78
5 3 67
2 4 94
5 4 97
7 4 41
+ 2 22
2 - 67
8 5 20
6 - 59
+ 3 49
9 - 67
8 6 1
6 4 12
21 172
6 - 47
1 12 25
9 21 69
17 12 87
21 4 42
5 1 58
2 18 26
+ 8 45
9 7 43
5 3 96
+ - 62
1 18 49
7 12 54
+ 20 8
7 10 85
2 20 79
6 21 99
18 20 12
18 - 20
21 19 65
8 2 53
16 19 14
19 12 28
5 7 67
17 7 100
6 17 57
20 - 78
15 14 58
16 10 19
+ 18 99
6 14 94
20 13 77
18 13 51
8 3 67
14 20 1
9 12 7
17 18 97
5 19 94
17 - 65
17 10 13
1 7 56
16 13 98
4 18 91
17 9 3
8 21 99
3 13 42
5 18 9
1 4 51
16 14 67
16 21 1
15 20 12
21 13 14
15 7 62
3 18 37
6 3 53
21 2 3
15 19 53
17 15 1
15 - 20
4 - 88
5 17 10
7 8 69
9 14 37
6 8 9
7 19 35
+ 10 17
9 2 9
6 10 87
1 9 98
11 12 94
8 16 16
7 - 38
15 13 81
7 4 81
9 8 49
15 4 40
4 2 92
16 - 90
+ 12 59
+ 9 49
9 16 39
1 10 73
19 18 44
6 16 33
1 13 100
1 11 21
1 16 65
5 10 31
3 19 65
8 18 62
21 12 58
8 - 66
17 2 8
3 14 14
5 12 34
1 20 65
1 21 69
+ 16 86
7 3 41
2 10 8
9 13 65
21 14 86
11 10 34
16 11 70
7 21 69
3 4 16
+ 17 1
12 20 17
14 13 19
19 13 89
15 10 38
6 9 46
+ 3 67
12 - 66
6 7 52
14 12 85
19 20 52
6 20 76
5 8 84
1 14 62
5 13 64
1 8 60
16 4 92
6 12 47
7 18 66
7 2 48
14 19 84
11 4 89
8 14 50
16 2 20
8 11 41
5 20 95
12 13 52
9 - 30
6 4 34
11 14 97
14 4 79
15 11 19
+ 13 26
9 4 12
8 4 93
15 12 17
11 - 71
8 20 1
8 13 83
21 18 62
+ 2 2
17 19 87
16 3 28
19 - 17
12 10 13
+ 14 44
+ 15 41
21 - 4
5 6 95
6 2 25
6 11 95
1 3 11
19 2 46
14 - 26
11 19 37
+ 7 83
20 10 81
+ 4 39
16 20 26
3 10 69
14 10 28
5 16 16
2 12 79
7 16 39
9 19 35
17 3 60
19 198
9 16 48
5 12 75
+ 2 41
14 18 81
10 2 26
6 18 45
11 12 11
+ 16 69
18 16 31
12 1 90
5 15 4
+ 9 47
9 12 15
6 10 13
9 14 53
13 18 60
11 16 52
14 15 87
12 3 33
15 2 48
17 4 16
15 - 90
8 7 91
5 - 30
13 7 65
9 19 79
3 2 52
9 2 71
3 4 78
11 7 47
9 18 46
10 12 79
10 13 71
18 4 99
17 19 11
8 18 6
5 16 31
17 15 83
19 4 28
11 - 43
13 3 67
15 3 19
12 - 58
+ - 48
14 19 17
17 2 94
10 - 92
+ 6 31
+ 10 7
8 16 49
14 7 79
6 12 99
13 2 40
+ 8 28
17 9 44
14 12 4
18 7 55
5 2 21
12 4 34
10 14 86
15 16 32
10 16 44
+ 18 86
19 - 36
5 14 4
14 16 42
19 2 33
16 - 94
14 13 1
6 2 44
19 1 67
10 18 5
12 18 73
10 3 33
10 4 83
6 13 5
7 2 26
11 2 57
11 17 86
18 2 31
9 1 87
19 13 11
+ 1 31
3 - 23
15 7 91
1 18 22
11 15 51
17 3 29
6 3 35
6 17 57
18 3 13
13 16 69
9 - 90
19 18 98
14 2 33
9 13 84
11 19 52
16 3 40
6 9 56
17 12 92
8 1 54
+ 5 68
17 1 13
1 13 70
6 - 79
17 16 71
14 - 53
11 10 28
1 2 52
2 - 28
6 15 63
19 8 56
17 14 90
12 16 3
6 7 83
19 7 66
17 5 34
8 3 45
12 15 49
19 16 53
10 8 63
+ 7 18
8 2 58
5 7 25
+ 3 67
5 8 44
1 7 2
11 1 26
10 9 27
13 4 19
6 1 78
12 2 23
12 19 5
+ 12 72
+ 11 91
18 - 61
17 8 15
8 15 77
5 4 90
9 7 10
1 3 45
17 18 23
5 19 87
6 5 7
9 8 79
17 7 83
17 - 17
8 - 63
10 15 99
1 15 86
15 18 8
15 4 12
10 19 96
11 14 21
11 4 38
14 3 9
14 1 92
11 3 85
6 19 100
14 4 50
8 13 66
9 15 51
16 2 15
2 4 31
4 - 37
8 4 3
7 3 21
17 10 73
1 4 55
9 4 41
5 10 66
6 16 100
12 13 19
19 3 70
13 15 13
+ 4 90
16 4 8
19 15 33
11 18 37
+ 13 41
11 8 78
6 4 82
11 5 62
14 8 89
1 - 62
9 3 67
6 14 66
16 7 38
12 8 58
7 4 68
6 8 51
5 9 94
+ 14 9
1 16 56
5 3 23
7 - 95
+ 19 7
11 9 36
13 97
5 - 46
3 1 71
5 10 98
3 13 31
8 2 53
+ 13 22
2 11 3
9 7 31
10 12 46
10 11 65
+ 5 16
13 7 60
10 13 68
10 7 47
3 9 55
8 11 56
5 1 4
4 13 1
2 1 94
8 1 79
6 11 62
12 7 72
6 12 24
4 7 12
12 1 90
5 13 29
1 - 55
8 6 1
+ 10 60
+ 2 94
+ 7 54
2 10 41
5 9 16
9 13 34
8 4 29
8 - 64
2 13 28
13 - 47
5 7 98
+ 12 57
5 12 44
12 9 5
4 12 27
6 4 98
11 7 28
+ 11 75
5 6 88
2 6 14
10 9 30
6 13 1
6 7 18
+ 4 44
8 10 20
8 5 64
10 - 42
3 - 17
+ 6 86
11 9 41
3 2 85
11 12 86
5 11 84
11 - 51
+ - 59
4 1 11
12 - 74
6 - 75
6 1 99
+ 3 26
8 7 78
6 9 7
3 6 26
3 8 66
11 13 22
12 13 60
8 12 71
3 12 8
2 - 6
9 - 78
5 4 50
3 10 57
4 11 44
10 4 49
2 7 7
3 5 83
3 4 52
3 7 52
4 9 74
+ 9 49
3 11 20
7 - 11
+ 8 7
4 - 68
2 4 58
10 6 15
9 1 93
8 9 55
7 1 8
14 117
+ - 49
2 4 58
8 - 70
+ 3 34
1 13 19
+ 6 14
3 4 35
+ 1 45
+ 13 7
+ 7 10
4 14 91
10 8 15
6 2 54
1 7 12
3 13 86
11 7 95
2 - 11
6 4 46
6 7 38
6 3 86
3 2 67
8 5 93
10 - 84
1 14 26
9 - 100
6 14 100
13 8 86
9 14 6
11 12 64
3 14 86
12 5 58
12 14 67
10 9 87
14 - 64
12 - 52
11 13 76
11 9 100
1 11 85
3 5 17
1 12 2
+ 12 31
+ 5 70
13 12 28
13 5 8
13 7 67
13 2 10
2 12 32
7 10 96
13 - 29
4 10 30
1 2 65
+ 4 30
11 8 22
4 9 21
11 3 65
7 5 28
3 - 72
4 8 21
11 5 51
9 5 22
11 10 93
6 5 36
1 10 87
12 9 68
2 8 6
1 4 40
6 10 49
+ 10 51
6 - 36
4 - 46
+ 11 63
2 5 2
12 8 71
3 8 35
10 14 14
12 10 76
3 7 98
1 6 16
8 9 4
11 - 74
7 - 88
4 12 33
13 14 59
6 8 47
7 8 33
4 7 72
6 11 66
6 9 79
+ 14 12
13 9 76
1 3 61
8 14 46
4 5 7
6 12 39
2 9 57
5 14 19
2 7 74
3 12 3
+ 9 9
13 4 54
11 14 13
1 - 92
7 9 64
5 - 50
11 2 81
1 5 90
3 10 13
6 13 22
1 8 45
3 9 94
2 10 25
11 4 97
12 7 59
+ 2 15
+ 8 80
13 10 64
10 5 92
7 31
2 - 60
+ 6 23
2 3 41
1 6 58
6 - 36
5 4 100
7 3 65
3 - 67
+ - 52
1 4 5
1 7 68
7 6 81
+ 5 88
5 - 40
+ 2 90
+ 1 68
+ 3 69
7 4 91
1 3 57
5 3 58
3 4 92
1 2 66
2 6 83
1 5 33
7 5 12
2 4 26
+ 4 93
1 - 14
4 - 26
+ 7 63
2 5 62
11 74
3 - 81
8 9 8
9 3 42
8 - 57
7 4 60
6 4 83
2 5 49
+ - 33
1 3 97
6 - 76
3 11 35
4 2 6
9 11 1
5 - 14
6 8 17
2 11 45
10 5 89
+ 2 25
+ 3 93
1 9 94
7 2 98
11 - 48
1 5 43
1 - 82
9 5 17
6 1 29
6 3 72
4 5 86
6 5 36
6 9 71
2 - 9
2 10 82
10 - 57
4 1 43
6 10 97
1 10 27
7 - 7
4 8 2
+ 6 82
7 11 73
3 5 64
4 3 65
6 7 43
7 1 30
6 2 10
9 - 72
1 11 73
8 10 51
8 2 81
3 2 47
4 10 76
+ 8 5
4 11 25
3 10 32
+ 1 91
8 11 71
9 2 70
+ 7 56
5 11 40
1 2 12
8 5 69
7 9 51
10 11 90
7 5 89
7 3 15
+ 9 51
7 10 85
4 - 25
+ 4 76
6 11 65
7 8 45
9 10 82
1 8 46
8 3 80
12 85
+ 4 28
2 6 58
1 5 62
+ 8 31
9 10 14
12 6 56
4 11 30
9 1 38
12 5 32
8 12 10
6 - 52
8 6 89
1 6 37
1 10 92
8 - 86
2 - 77
8 4 55
3 6 47
9 - 18
11 3 17
2 11 91
10 12 100
9 7 37
9 12 49
+ 5 27
12 11 54
2 12 32
8 11 44
8 5 74
9 11 89
4 3 96
7 4 54
+ 11 17
11 6 73
1 4 36
7 3 95
9 3 81
10 3 34
10 4 58
7 6 67
8 7 35
10 7 35
10 6 16
2 4 63
8 2 100
8 1 33
1 - 76
+ 2 8
+ - 37
10 2 8
9 2 41
5 3 39
12 3 11
2 5 72
9 6 5
4 5 68
2 3 42
8 10 86
3 - 39
+ 1 60
1 11 71
4 - 1
1 12 67
+ 10 77
1 2 49
+ 7 27
10 11 73
7 2 33
4 6 17
+ 6 27
9 8 84
+ 9 57
9 5 91
8 3 73
12 4 94
5 11 44
7 5 30
12 - 24
5 6 26
5 - 45
9 4 47
11 - 46
10 - 88
7 - 62
7 11 81
27 200
26 22 96
24 25 74
8 25 99
18 25 42
17 25 90
20 8 27
10 19 95
19 16 16
25 - 32
5 11 61
+ 26 83
14 19 50
18 - 3
+ 5 27
10 - 71
6 9 94
11 13 11
6 8 95
3 23 69
3 22 41
15 16 89
11 4 36
10 1 32
6 24 80
+ 24 57
15 21 70
24 2 60
27 1 29
5 18 88
12 19 11
17 24 76
6 22 34
13 15 20
3 2 43
9 22 54
18 4 26
3 24 31
3 26 20
3 21 36
9 21 8
10 24 44
13 25 10
16 26 46
10 13 95
15 26 81
11 2 97
3 13 34
19 18 68
9 - 19
14 16 57
11 17 9
12 13 99
6 - 67
8 21 100
8 7 31
11 3 58
12 18 43
11 24 81
8 26 75
12 17 17
19 7 86
11 9 71
5 16 28
13 26 71
20 26 27
11 25 22
12 8 91
10 22 85
12 26 17
14 26 21
26 18 97
27 24 28
8 4 48
6 16 11
6 23 5
+ 25 4
9 25 29
+ 2 31
4 21 25
4 22 44
+ 7 45
16 27 16
7 1 67
15 2 92
12 24 2
5 10 27
17 1 58
14 9 14
12 21 4
9 16 100
+ 22 5
14 4 67
12 25 95
12 3 63
27 2 41
11 10 98
26 7 15
8 9 22
14 18 67
27 - 4
13 17 3
8 24 81
15 24 29
+ 1 2
5 23 96
5 3 39
6 1 99
+ 14 41
5 7 57
11 27 40
14 24 79
12 2 46
7 2 51
14 27 41
15 22 41
27 18 18
1 22 64
16 7 42
+ 12 84
9 15 78
8 23 65
23 19 32
23 - 30
20 11 93
5 4 49
20 3 33
7 21 38
19 27 65
5 22 3
19 2 14
6 10 77
11 26 64
16 25 25
22 25 60
12 27 54
14 8 40
5 27 69
1 - 36
2 21 47
3 27 11
10 9 50
5 8 9
26 2 91
19 21 24
11 19 52
26 - 71
7 - 76
10 18 9
+ 17 43
7 18 53
7 25 91
26 25 18
24 4 34
11 - 84
+ 20 37
11 22 25
8 - 81
8 2 11
27 22 14
10 7 12
17 - 23
21 - 38
2 1 54
7 24 53
14 23 47
26 17 55
20 21 51
3 10 36
+ - 19
14 17 39
23 18 40
+ 8 10
14 13 100
18 1 73
5 21 36
6 27 9
13 27 81
20 7 19
10 4 56
6 25 78
15 - 53
16 24 56
14 6 14
16 22 74
23 22 27
11 18 80
26 4 14
26 21 99
23 16 97
5 24 58
15 17 88
11 8 69
10 23 35
6 17 67
5 15 57
20 25 3
8 3 36
27 7 2
18 22 38
5 9 79
4 10
2 3 32
1 4 75
+ 4 53
4 3 62
+ 2 13
+ 1 77
1 - 18
2 1 58
3 - 99
1 3 93
20 189
20 6 76
20 7 40
15 9 10
18 16 48
2 14 45
11 17 98
15 4 93
+ 18 87
19 14 79
13 18 15
+ 12 72
8 17 60
13 5 8
+ 17 75
8 4 34
14 17 74
19 - 39
2 6 43
11 20 16
8 13 93
5 - 84
10 17 21
2 11 76
15 12 46
8 3 62
4 20 39
16 17 27
8 5 41
+ 9 9
13 10 53
11 16 88
8 7 40
12 11 43
+ 14 77
7 6 26
4 17 80
1 14 27
12 - 90
8 14 7
18 17 7
1 6 95
12 2 59
19 17 32
10 - 100
4 10 98
8 9 30
19 9 39
9 13 64
9 7 26
3 6 88
14 7 77
2 17 6
12 10 88
19 1 73
19 4 38
+ 15 46
1 - 92
15 10 2
12 4 34
4 - 74
6 - 33
5 3 39
2 4 12
19 11 36
4 7 61
14 6 83
15 20 79
15 7 37
10 6 73
12 7 14
11 18 65
15 18 79
1 17 10
16 6 31
4 3 27
11 14 10
14 20 76
1 10 40
9 - 57
10 3 32
1 16 60
18 4 86
1 20 18
+ 16 53
2 10 16
+ 19 74
8 16 48
4 14 76
9 18 71
19 13 62
1 9 16
4 16 42
12 5 65
9 16 23
1 5 22
13 - 33
20 17 3
7 17 34
1 11 52
12 3 99
1 3 73
19 18 82
+ - 1
18 20 57
15 16 15
8 - 90
+ 5 53
14 3 11
2 - 88
+ 20 37
13 3 73
12 14 90
3 17 37
9 5 46
18 6 7
4 6 3
9 6 42
20 - 92
2 3 89
11 7 48
14 16 96
+ 13 17
1 18 47
1 2 90
19 3 90
19 15 100
9 3 8
18 10 97
19 6 77
8 18 16
12 1 50
13 16 82
5 7 48
19 7 64
+ 2 100
19 2 74
5 16 34
12 6 54
11 5 78
18 - 50
12 20 19
16 7 23
16 - 87
17 6 73
12 9 64
18 14 38
9 17 19
19 20 63
18 3 75
14 10 70
2 16 40
3 7 59
10 20 63
8 10 85
3 16 88
9 20 20
13 14 49
13 6 20
13 17 89
12 8 8
11 - 1
1 7 24
5 4 39
12 17 57
+ 7 83
8 20 79
9 14 24
+ 1 73
2 13 95
5 6 41
19 5 89
8 11 38
19 16 35
15 3 42
9 4 85
2 18 85
15 6 46
3 20 2
15 13 81
15 2 59
5 10 10
11 3 42
20 16 93
15 11 13
+ 10 87
5 20 48
11 4 5
15 8 69
19 10 70
13 87
+ 9 3
1 - 10
10 12 86
8 11 1
12 6 71
1 4 38
8 - 94
12 4 90
2 13 90
+ 3 46
2 1 35
2 8 83
7 11 97
+ 12 66
10 - 63
7 1 24
10 4 63
7 13 68
5 6 30
9 6 26
12 1 85
11 6 19
4 - 12
7 5 29
10 2 1
12 11 36
10 8 61
8 1 53
2 7 22
10 7 15
4 9 86
10 5 49
11 - 63
+ 8 44
6 - 42
+ 10 55
8 7 10
5 4 95
13 6 97
2 5 27
12 8 96
10 9 83
7 - 62
2 3 10
2 11 54
+ 5 17
3 5 61
8 4 9
2 9 28
5 1 95
+ - 41
12 5 63
7 4 29
+ 1 11
11 13 2
1 13 65
8 9 11
13 9 17
3 6 18
10 3 39
2 4 50
+ 2 77
10 6 1
+ 13 51
12 3 42
11 5 74
10 1 44
7 6 94
+ 7 6
5 13 12
3 8 37
11 1 84
12 2 2
+ 4 22
4 6 59
12 13 55
10 11 95
13 - 5
+ 11 58
11 9 19
8 6 36
12 9 46
12 - 69
3 1 46
8 5 87
8 13 55
5 9 13
3 9
3 - 89
2 3 78
+ 2 76
+ 3 51
1 - 27
+ 1 52
2 - 15
+ - 86
3 1 42
41 200
36 7 77
40 38 2
23 27 27
16 23 34
8 3 31
12 26 81
15 10 63
5 20 21
9 36 21
+ 35 19
25 6 28
10 41 3
2 32 50
+ 41 12
7 - 50
13 33 33
23 14 53
6 41 58
19 - 47
18 19 37
10 22 69
10 9 70
17 39 98
34 21 78
2 41 68
28 27 11
12 33 49
9 37 38
1 41 98
12 32 37
36 26 11
2 22 96
36 13 45
16 27 42
14 26 96
10 2 69
29 31 76
4 41 80
28 4 79
23 37 75
34 12 45
+ 10 37
35 1 9
16 32 46
6 3 76
13 41 88
9 14 16
5 25 24
37 - 20
21 17 85
21 3 20
16 33 61
18 35 50
23 11 68
+ 12 90
37 17 30
17 22 92
40 14 34
18 4 91
37 25 32
23 31 22
15 38 39
29 2 66
4 13 17
+ 5 94
12 1 5
29 13 63
9 - 66
16 2 96
8 9 67
29 7 8
12 41 99
5 22 39
38 1 25
25 26 61
40 29 90
32 7 21
16 6 29
34 7 2
29 4 96
+ 27 13
18 12 22
8 36 12
16 12 33
13 7 12
2 3 90
+ 14 45
34 13 2
20 22 97
28 2 94
5 1 22
12 27 21
18 6 68
32 1 55
11 26 29
23 19 19
6 31 24
36 3 36
+ 3 56
27 22 76
3 22 7
33 31 29
25 33 24
30 26 24
2 26 71
30 25 88
15 20 9
33 35 56
4 24 19
8 35 64
34 9 85
7 22 91
15 37 94
7 41 52
4 14 6
5 11 54
29 17 13
36 6 50
25 3 69
18 30 10
8 7 11
36 25 17
8 24 14
32 22 17
14 32 66
28 13 53
23 2 53
27 13 46
29 39 64
20 9 6
35 41 97
2 14 20
36 2 29
5 28 81
40 20 41
23 9 29
5 6 38
12 37 78
37 38 58
9 11 96
10 39 61
29 26 98
3 39 14
28 26 4
18 3 49
18 36 39
10 33 40
+ 39 60
10 11 86
25 35 71
15 11 23
8 17 33
5 4 70
34 11 67
34 - 84
12 11 83
5 19 32
20 18 48
25 11 86
18 11 41
2 24 30
5 29 3
8 15 61
39 7 81
37 7 86
29 27 24
33 - 31
40 41 19
4 11 68
40 35 41
40 21 80
4 - 95
34 22 11
21 35 92
16 25 78
5 3 13
8 25 90
17 14 21
11 33 15
2 33 95
40 36 97
5 30 29
15 24 32
5 21 49
8 31 46
6 32 49
25 22 9
23 - 95
22 41 15
20 4 78
20 19 76
17 3 15
5 38 34
5 13 43
40 13 100
19 22 18
20 7 7
8 40 47
8 18 25
4 25 19
2 6
1 2 81
+ 2 73
2 - 21
+ - 74
1 - 7
+ 1 2
11 60
1 - 91
+ 7 31
6 7 15
8 10 11
+ 6 30
+ 3 21
10 5 25
3 11 87
3 5 93
10 7 60
5 - 22
+ 4 47
6 9 11
10 11 68
2 3 86
+ 10 5
11 - 2
7 4 3
7 - 59
8 3 37
+ 1 81
9 4 96
8 11 71
6 4 9
9 3 91
9 1 3
6 2 41
2 4 66
8 - 15
6 5 8
8 9 81
7 1 42
8 7 30
6 8 52
4 5 11
9 5 75
7 3 79
2 11 15
9 11 52
3 4 4
+ 9 46
11 5 99
8 4 59
10 - 10
6 3 83
8 5 50
10 4 97
7 11 34
9 7 66
3 - 58
9 10 38
8 2 39
1 4 82
8 1 15
2 10 86
+ - 29
+ 8 18
7 5 33
+ 5 13
3 1 44
1 3
+ 1 35
+ - 11
1 - 25
24 185
6 8 12
24 22 60
19 20 66
24 11 96
13 11 75
11 22 45
9 20 56
5 11 48
3 6 56
12 10 76
10 17 48
1 10 43
12 15 3
5 20 85
12 9 27
6 22 23
20 21 64
14 8 86
1 18 80
10 16 26
10 - 36
14 18 93
1 6 57
9 16 82
+ 24 49
2 14 60
18 4 33
16 - 47
2 20 20
4 - 77
19 16 55
+ 17 43
2 12 36
7 4 92
24 8 34
+ 8 85
15 6 6
9 24 22
+ 5 44
2 11 43
21 4 6
15 18 86
21 3 57
3 4 63
21 18 54
14 17 22
+ 9 70
2 13 96
12 6 78
17 6 36
9 22 41
8 22 8
8 - 1
13 - 12
10 13 25
19 11 33
17 22 61
5 3 64
4 16 6
13 8 40
11 16 87
5 9 30
19 2 45
12 21 73
2 15 74
20 - 100
1 9 75
12 20 84
18 6 98
5 - 81
20 7 52
15 24 2
19 15 34
14 21 73
20 23 55
5 4 88
9 14 73
2 22 76
12 22 61
2 17 50
5 6 12
21 8 100
9 23 84
5 7 64
21 16 88
3 17 63
20 6 7
10 6 32
15 16 20
22 4 87
19 13 51
20 8 35
15 17 63
19 - 69
5 21 3
+ 3 45
19 8 90
17 4 50
23 4 59
8 7 96
19 5 28
23 7 97
15 13 37
21 15 16
5 16 71
6 16 63
7 22 54
20 13 40
23 11 62
6 - 98
1 21 44
14 3 48
+ 13 12
23 15 7
10 24 79
+ 11 83
+ 4 83
15 4 71
19 18 53
18 - 86
1 15 7
11 7 78
1 16 29
10 23 36
20 10 88
2 3 17
14 10 10
14 20 35
2 8 60
21 13 82
20 15 70
3 16 16
15 22 35
13 6 20
12 11 64
12 - 56
23 13 49
13 17 51
18 24 18
+ 14 14
1 11 13
13 16 75
17 7 22
10 15 67
23 18 48
12 3 10
3 - 91
17 11 93
2 10 90
19 14 22
2 23 57
12 14 79
6 7 14
5 2 51
21 - 33
14 13 48
18 17 22
7 - 99
3 24 23
17 16 16
21 11 36
21 22 55
+ 12 77
+ 19 62
5 8 4
1 3 43
14 22 72
8 4 68
5 1 36
19 17 81
23 - 38
11 4 43
2 24 46
6 11 30
1 17 22
2 1 8
13 4 3
23 3 77
14 - 77
3 7 68
1 - 24
9 21 83
9 10 39
1 4 16
19 4 20
16 139
1 13 35
11 13 55
11 8 95
6 2 6
5 - 51
16 2 8
6 5 23
11 12 53
1 9 41
14 11 85
6 - 49
4 - 34
9 15 55
11 2 71
14 6 91
+ - 16
+ 3 6
14 16 22
2 5 82
9 7 80
4 7 13
15 4 52
14 - 59
6 15 98
14 1 87
14 15 29
11 4 64
10 5 100
1 10 15
13 7 21
13 - 42
+ 9 66
11 - 59
11 3 7
1 15 17
9 5 44
3 10 82
15 7 28
11 7 72
1 16 2
6 7 32
9 6 9
12 - 36
9 10 4
16 12 53
1 7 54
1 12 88
6 8 4
10 15 38
9 12 91
3 6 25
+ 2 34
3 - 68
9 - 57
10 6 23
5 7 55
16 - 28
14 4 41
16 5 88
14 3 64
+ 12 99
+ 16 14
11 6 74
3 15 70
1 2 81
14 10 18
8 7 68
10 2 21
16 13 98
3 13 53
11 1 35
11 10 47
2 12 36
4 12 93
9 2 79
10 4 26
13 2 44
11 9 23
3 2 83
+ 1 97
4 13 42
3 8 28
+ 10 87
15 8 10
15 12 52
9 8 65
+ 8 46
7 - 8
14 7 63
3 4 19
8 - 25
10 13 84
12 7 43
2 - 72
15 13 68
+ 5 27
+ 14 16
16 6 61
8 12 2
4 5 57
11 15 86
16 7 6
6 12 46
10 8 76
15 5 89
3 12 53
2 7 79
1 6 28
8 5 26
3 16 31
+ 13 55
5 12 80
4 8 41
15 2 61
15 - 19
14 5 13
+ 4 60
10 12 17
10 7 6
3 7 60
16 4 27
9 4 55
14 13 20
8 2 82
11 16 2
1 - 77
1 3 86
4 2 89
10 - 49
14 12 47
3 9 7
16 8 41
1 8 77
11 5 76
13 5 29
13 12 93
16 9 22
6 4 24
8 13 70
49 200
+ 47 30
18 45 14
21 41 53
4 28 16
17 30 100
42 46 44
41 25 3
19 34 4
37 13 56
19 47 80
39 36 54
39 9 86
16 45 54
20 40 93
31 12 78
2 1 95
43 26 5
30 41 6
21 20 76
1 6 67
27 12 71
21 46 17
27 22 10
36 37 53
16 4 15
29 48 50
16 23 65
27 23 21
46 10 68
43 16 36
1 49 80
42 11 77
42 38 50
21 23 20
+ 46 6
37 44 83
9 48 32
38 5 59
42 44 54
8 33 75
31 45 40
14 47 38
3 37 3
+ 11 47
4 1 83
8 44 12
27 36 42
45 10 1
17 13 21
27 45 43
4 12 22
18 20 86
2 38 22
33 40 47
43 - 31
33 49 49
46 32 52
15 23 83
38 32 67
8 1 5
43 17 6
19 40 100
37 26 52
16 37 85
25 34 99
37 12 2
9 6 76
17 49 83
2 13 33
39 15 23
23 5 23
16 13 29
30 7 51
8 13 31
24 13 46
8 24 60
3 32 42
+ 27 41
8 14 100
19 5 49
24 41 14
15 32 77
15 13 64
28 44 68
4 31 32
28 19 95
29 6 95
40 10 16
22 44 25
24 38 63
37 34 9
49 40 43
16 25 53
39 33 36
42 1 79
23 25 60
36 26 12
38 7 39
28 14 5
42 26 91
48 26 54
13 12 11
27 47 35
35 29 24
38 34 58
45 32 9
11 31 41
28 10 23
15 34 78
+ 8 10
17 11 26
35 36 42
+ 41 34
2 33 7
15 20 18
8 2 5
43 37 29
13 25 40
20 1 62
32 37 20
24 40 20
35 27 21
35 10 66
+ 33 18
42 10 54
3 21 20
27 19 76
15 22 1
36 30 61
36 15 75
35 32 90
38 26 27
33 7 22
1 48 58
41 6 66
35 11 56
16 3 46
7 34 69
21 12 6
6 34 70
30 46 14
16 20 79
21 14 83
8 49 25
+ 2 72
45 25 46
14 11 69
20 22 4
23 - 69
35 18 72
8 19 69
43 23 51
47 44 40
14 45 77
17 23 22
17 26 28
3 5 64
27 15 6
+ 22 90
21 47 47
30 5 82
17 6 35
28 12 57
11 44 6
29 5 89
17 45 42
31 38 9
42 48 12
14 41 68
49 32 52
11 7 37
+ - 68
6 44 49
27 33 10
4 32 86
3 25 9
5 34 96
30 31 83
30 34 17
30 48 23
40 13 23
49 48 95
36 12 83
35 6 19
36 28 65
14 - 1
9 41 80
46 12 89
+ 6 93
18 44 80
18 - 82
3 45 72
33 46 84
35 14 44
16 28 81
20 12 18
35 20 89
16 17 49
32 5 15
17 - 17
39 200
12 22 62
12 15 96
10 32 94
17 9 37
15 2 85
3 - 32
12 11 46
35 39 67
14 29 51
17 32 93
27 - 7
14 2 94
1 29 31
15 13 75
14 39 8
24 2 67
31 34 90
20 27 17
14 3 97
5 35 13
18 14 72
18 20 100
34 1 45
34 24 6
+ 34 74
25 39 54
+ - 50
8 3 4
20 28 47
17 23 56
26 13 1
11 - 64
30 25 65
18 13 21
18 39 84
5 13 21
10 23 67
28 1 48
26 23 50
30 34 93
13 39 79
23 3 79
25 16 14
37 2 5
3 32 44
8 13 63
20 4 15
30 32 69
36 24 57
12 16 92
10 37 34
18 5 63
9 - 89
30 11 14
6 33 24
17 6 46
34 35 53
14 - 73
25 2 7
14 28 52
18 36 46
30 2 75
17 10 44
33 - 35
13 9 51
20 - 45
26 29 68
12 5 53
21 7 36
4 6 96
10 35 46
26 38 13
31 2 13
17 7 36
31 21 34
+ 21 89
10 11 20
10 29 49
20 25 65
20 19 28
6 35 64
35 11 92
30 23 9
10 15 21
10 14 48
36 32 80
15 39 8
30 17 71
37 32 100
27 22 62
8 16 65
7 11 85
6 16 70
8 25 52
17 5 38
15 38 29
35 - 97
30 21 27
10 13 56
33 11 55
20 34 10
28 16 85
31 16 68
8 36 70
24 39 63
+ 5 49
31 25 99
15 22 59
22 11 40
+ 27 19
13 28 42
4 8 48
20 32 26
30 31 87
18 24 84
33 32 22
5 36 27
26 6 43
30 19 66
5 24 40
12 25 90
38 24 69
33 15 12
38 29 5
31 9 34
34 25 99
15 3 78
27 33 47
26 4 95
6 15 49
37 39 67
23 24 37
37 25 27
10 5 29
15 28 61
5 3 49
28 39 13
35 32 25
28 11 16
38 11 48
37 7 87
24 16 17
4 9 5
19 2 25
30 1 36
34 38 68
21 4 12
15 11 38
6 12 49
12 3 50
6 27 28
7 28 56
18 37 99
17 15 98
6 23 11
8 12 32
18 2 50
+ 2 27
18 12 96
20 1 73
31 23 79
17 13 74
24 32 83
14 16 70
+ 8 1
8 27 77
11 32 100
14 36 79
35 1 23
35 13 9
7 33 81
6 3 16
20 14 93
4 25 100
4 - 30
3 29 67
25 38 38
23 11 82
25 29 35
10 36 4
30 12 35
31 8 65
25 - 11
21 8 55
26 17 78
12 24 61
21 22 30
4 32 78
17 39 25
6 13 15
27 9 19
26 24 96
+ 39 12
38 1 48
17 16 9
24 9 96
+ 35 83
+ 7 49
13 32 24
31 3 22
13 104
4 8 85
6 11 38
2 12 67
2 13 27
2 9 25
4 13 46
1 9 43
8 7 74
4 11 31
+ 9 13
10 11 30
7 1 34
3 8 9
2 7 1
12 13 42
1 - 8
7 9 55
7 13 19
12 7 97
11 9 66
6 1 18
13 - 8
4 1 22
4 9 27
3 4 55
10 13 33
13 1 16
12 9 49
11 13 54
3 11 89
2 1 61
+ 13 82
10 4 85
4 7 91
2 6 32
5 13 57
3 5 6
2 3 71
+ 6 24
4 6 74
5 4 42
10 9 4
11 1 25
+ 8 54
+ 7 12
5 1 15
12 6 46
5 8 9
+ 4 64
+ 1 5
+ 11 69
12 5 44
10 5 95
2 4 22
6 13 44
10 6 46
2 11 1
12 11 98
+ 3 71
5 9 59
8 1 36
10 7 79
2 8 2
2 - 57
3 9 38
11 - 7
+ 12 41
6 - 91
3 13 48
3 7 83
3 - 68
10 - 71
5 6 18
8 13 22
12 - 90
10 1 58
3 6 69
2 5 34
3 1 57
6 7 9
6 8 30
12 8 40
5 - 65
8 11 65
8 9 31
10 12 78
+ 10 8
3 12 80
12 1 79
+ - 46
5 7 47
7 11 30
6 9 7
2 10 34
12 4 41
7 - 29
3 10 39
5 11 53
+ 2 53
13 9 45
8 - 100
4 - 85
9 - 22
+ 5 73
6 24
2 4 8
6 1 30
1 5 54
3 2 75
+ - 47
5 - 90
1 4 36
4 5 80
2 5 17
+ 5 11
6 2 44
4 - 34
+ 1 45
3 4 68
6 - 44
1 - 75
6 4 34
2 - 93
6 3 20
3 5 90
3 - 57
1 3 26
+ 4 91
+ 6 77
14 115
8 10 83
5 12 83
12 1 91
8 6 45
5 4 53
12 4 33
7 14 69
8 - 59
9 10 73
8 13 95
2 - 21
9 1 27
14 6 52
3 8 38
+ 14 52
7 12 2
13 4 55
9 8 77
13 14 90
3 13 7
2 5 97
3 12 27
6 11 83
7 4 22
5 11 92
9 7 31
10 11 62
9 5 4
3 10 99
2 8 90
9 13 63
2 13 33
13 6 87
7 5 15
3 6 33
+ 9 82
11 - 31
2 9 25
8 14 85
14 - 12
2 7 93
+ 12 91
9 12 21
+ 11 68
2 12 42
14 4 55
13 10 73
+ 6 33
7 1 60
+ 1 84
1 6 76
2 6 60
5 1 36
3 7 21
1 4 32
+ 8 8
8 4 15
13 11 36
+ - 12
7 13 27
2 11 61
12 - 48
3 1 61
3 5 19
8 12 83
+ 5 56
10 4 39
7 10 38
1 10 13
+ 4 3
9 - 73
14 11 60
3 14 16
1 - 49
+ 3 54
9 6 79
12 6 21
8 11 22
3 - 70
2 1 88
6 10 82
1 11 33
3 11 23
1 14 17
8 1 36
5 13 8
9 4 54
7 - 77
+ 13 76
7 6 29
7 11 15
14 10 12
9 11 55
13 1 70
5 - 31
2 14 60
2 10 71
+ 7 74
4 11 60
12 10 90
5 14 87
7 8 78
5 10 91
2 3 69
+ 2 98
5 6 77
10 - 63
9 14 27
8 5 27
12 11 67
6 - 1
6 4 63
+ 10 50
12 14 40
3 4 29
11 56
1 5 84
4 5 30
+ 11 24
11 5 15
8 10 94
10 11 87
9 3 52
8 6 75
2 4 65
3 - 65
+ 8 77
1 - 72
2 11 71
+ 3 62
6 5 10
9 - 44
2 3 67
10 5 99
8 5 31
+ 7 47
10 9 21
4 3 58
10 4 34
10 - 40
1 11 15
+ 5 68
3 5 64
7 1 24
7 6 45
5 - 46
8 3 48
+ - 42
7 3 66
11 3 74
6 3 59
8 11 19
8 2 3
7 4 9
7 - 33
6 4 52
7 2 7
4 9 83
+ 6 45
11 9 62
9 5 65
2 1 54
7 9 50
1 4 22
2 - 2
11 - 38
10 2 51
+ 1 55
+ 2 29
8 9 67
1 6 1
4 - 94
15 68
4 3 22
8 5 84
6 3 80
13 12 99
11 1 100
8 10 39
14 3 43
+ 7 64
15 12 90
9 1 97
6 5 90
14 1 3
7 1 100
10 11 21
14 - 92
7 3 70
4 1 38
6 - 87
4 11 12
8 13 74
12 14 83
+ 12 18
12 3 79
6 2 41
+ 10 74
15 3 2
10 4 65
14 11 83
8 3 63
7 8 85
7 - 71
8 1 72
2 11 38
9 - 59
2 1 38
15 4 52
3 - 85
13 3 35
15 2 35
2 4 47
7 4 18
8 12 64
8 15 70
13 5 11
9 5 69
+ 8 83
3 1 8
9 14 54
15 5 80
7 6 67
13 4 53
7 15 2
+ 5 46
13 1 23
+ 3 20
1 - 52
13 9 13
5 1 40
15 - 6
12 - 70
13 11 20
14 4 78
8 - 58
+ 1 8
7 11 10
5 4 100
8 9 24
7 14 24
8 45
5 7 33
5 8 89
+ 3 6
6 7 54
6 5 66
2 1 14
2 5 87
7 8 7
3 1 100
1 8 100
4 - 91
+ 7 24
5 - 48
7 - 15
4 7 30
6 1 90
3 5 9
3 - 38
6 2 52
+ 4 44
+ 1 51
6 8 96
4 1 64
1 - 94
6 3 5
2 3 1
2 4 19
4 8 45
6 - 69
8 - 74
6 4 79
+ 8 2
+ 5 36
+ - 22
3 4 67
2 - 41
5 1 47
3 8 38
2 8 67
4 5 64
1 7 96
2 7 5
+ 6 53
+ 2 17
3 7 46
50 200
3 22 39
+ 39 33
2 8 34
6 - 59
12 31 15
33 1 43
50 38 1
32 18 78
1 44 38
34 21 2
12 - 20
35 41 22
+ 11 13
28 26 69
34 15 82
2 11 30
34 37 55
13 43 89
28 1 60
17 38 74
17 29 35
43 46 14
2 41 22
4 41 79
6 20 38
19 37 64
16 15 21
23 20 43
11 36 62
49 10 73
48 9 18
48 10 85
50 9 57
3 28 93
50 18 11
2 28 76
27 43 58
9 4 96
45 16 73
18 5 52
23 21 50
38 46 91
2 27 30
19 42 28
29 16 92
10 31 71
9 42 60
32 43 41
34 27 8
33 36 6
27 10 34
2 10 17
2 19 87
4 33 28
50 15 53
43 37 49
12 15 35
1 10 63
34 43 62
29 47 37
2 25 32
28 45 8
34 5 38
16 39 54
33 18 98
45 42 14
45 36 57
2 22 58
49 33 26
49 42 89
45 10 86
49 31 4
6 19 7
47 7 95
37 18 62
35 39 12
13 25 17
2 14 89
2 35 55
8 13 90
35 18 48
13 18 14
28 38 36
19 10 65
19 48 15
4 30 1
34 36 9
50 35 65
17 32 4
22 4 56
17 16 60
35 37 92
13 15 10
38 27 92
22 8 11
38 5 8
21 20 82
35 10 71
38 1 66
29 25 7
50 48 8
43 44 2
11 18 8
38 - 9
17 30 5
8 43 72
1 39 42
34 35 65
27 20 72
17 13 80
34 50 45
6 44 69
37 - 34
50 - 3
45 37 44
+ 47 9
32 26 23
41 36 2
28 4 34
+ 33 62
22 31 96
43 18 44
41 39 87
34 30 18
24 7 66
11 25 90
49 16 13
49 20 25
37 20 74
+ 2 70
46 30 2
38 44 21
34 33 43
+ 15 13
44 36 76
40 44 8
25 15 66
23 37 18
11 7 36
14 27 76
2 31 2
13 39 85
29 8 50
4 25 49
38 43 62
48 47 62
38 11 45
34 32 14
34 - 89
17 39 88
3 35 27
35 45 16
22 27 45
44 18 75
23 - 1
34 23 71
45 18 12
46 10 71
14 46 48
1 37 50
1 16 99
23 26 21
26 15 7
28 47 95
4 43 32
+ 20 42
24 5 30
22 21 35
17 43 19
16 7 50
50 14 62
20 5 90
14 8 57
21 - 41
29 18 72
6 27 5
11 45 19
44 7 82
3 49 43
28 24 72
19 46 53
4 47 69
26 30 32
34 10 32
2 15 6
15 5 98
8 15 43
+ 31 77
13 45 49
3 13 87
6 41 74
38 26 89
19 11 33
27 47 50
1 15 51
48 33 75
23 46 77
22 25 54
16 - 7
11 39 45
18 105
13 8 75
+ 1 41
11 3 81
2 14 13
6 10 22
12 5 23
15 4 62
13 16 39
17 15 33
7 2 33
4 9 10
11 12 58
18 3 2
6 16 59
8 4 8
18 14 1
13 12 25
16 10 83
6 18 38
1 2 3
1 10 84
+ 7 25
7 15 52
5 14 12
10 9 8
7 9 36
18 1 37
8 16 67
11 5 8
12 3 77
6 1 12
16 - 56
8 17 13
12 10 66
12 - 82
+ 18 79
12 16 73
10 5 74
11 6 34
1 5 29
14 - 73
1 12 20
12 2 61
1 9 89
17 - 14
+ 4 43
10 2 76
17 9 14
15 - 69
10 4 23
11 13 3
+ 17 80
18 15 60
16 3 65
12 15 49
11 15 80
7 13 52
7 6 80
10 3 84
1 8 32
1 14 82
5 15 36
6 15 100
12 9 39
10 14 48
11 4 26
2 4 51
+ 9 14
+ 3 27
6 - 53
10 17 46
11 17 12
7 4 64
13 9 65
13 14 6
7 14 17
18 10 32
4 - 54
7 8 51
3 4 7
+ 13 56
7 16 82
16 15 79
18 5 24
2 9 18
+ - 39
3 9 49
16 2 66
8 14 49
1 15 89
9 14 45
13 17 5
11 2 7
18 16 92
7 11 26
6 4 29
13 4 27
7 10 64
3 14 79
11 9 20
16 14 85
6 3 68
6 14 59
5 2 67
13 2 79
16 136
1 13 50
4 5 71
7 11 48
+ 4 44
15 16 12
12 5 48
1 7 25
12 14 74
10 5 52
+ 6 49
9 5 53
2 12 19
14 3 51
2 5 30
4 7 81
6 16 13
+ 3 88
6 15 25
1 14 10
15 5 59
+ 10 57
7 15 54
10 2 78
10 11 13
14 9 78
4 13 81
11 16 90
11 5 65
10 9 10
3 8 49
14 11 30
+ 11 89
12 6 60
14 15 35
11 15 85
10 4 3
16 8 2
2 4 88
13 5 41
16 - 64
+ 12 26
2 6 7
6 9 48
4 8 23
4 16 90
14 13 91
12 1 95
4 11 38
15 8 34
3 - 28
12 7 38
2 15 44
8 - 45
13 16 53
11 3 94
7 8 79
7 - 92
2 16 18
12 16 43
15 9 65
4 15 25
2 11 14
10 16 96
14 16 68
11 8 87
1 9 45
4 3 48
2 3 42
7 5 1
12 8 11
2 1 42
10 8 38
2 13 61
7 3 58
+ 7 92
10 7 9
15 - 34
1 16 48
13 3 65
11 9 43
12 - 37
15 3 99
6 7 77
6 14 37
9 16 93
2 8 20
13 11 93
+ 5 23
1 3 70
12 11 81
6 8 47
+ 1 38
2 - 92
10 14 39
6 13 49
6 5 84
13 8 60
10 - 22
4 14 26
9 - 47
+ 14 40
10 15 96
4 9 86
9 3 2
4 - 17
2 14 81
2 7 62
5 16 28
14 - 71
5 8 25
1 15 8
12 3 64
14 7 62
+ 9 69
10 3 83
1 11 90
7 16 52
+ 2 97
7 9 34
12 15 39
3 16 45
5 3 71
12 9 47
+ 8 67
5 - 36
11 - 12
+ 15 84
+ 16 20
12 13 80
1 - 92
14 5 99
13 9 62
10 6 96
6 3 2
14 8 41
12 4 73
8 43
+ 4 82
3 6 77
3 7 22
4 - 29
+ 8 88
3 4 69
2 7 41
8 - 20
+ 2 51
+ 6 62
2 5 50
2 - 99
1 4 9
6 - 79
1 - 36
7 - 10
2 1 89
2 8 56
4 6 98
5 8 9
+ 1 66
3 8 90
2 6 81
+ - 43
5 7 17
3 5 9
3 - 90
1 8 15
5 - 8
1 6 72
3 2 55
8 6 21
4 8 68
3 1 3
+ 3 58
5 6 39
7 6 66
8 7 63
4 7 60
+ 5 42
1 7 60
+ 7 43
4 5 68
20 129
17 16 41
+ 9 59
16 10 100
12 8 48
1 11 100
2 16 2
7 13 10
+ 6 45
1 18 62
8 - 48
13 - 33
15 8 14
9 13 65
4 10 87
18 13 83
11 10 41
14 10 21
17 2 12
12 5 13
13 10 53
+ 16 60
5 8 30
16 4 19
7 4 29
18 - 24
20 - 10
6 19 28
9 1 25
6 8 86
7 3 98
12 17 90
13 11 12
12 18 61
1 14 81
17 8 66
+ 10 89
2 13 99
+ 14 5
19 14 35
1 19 34
6 4 85
15 6 21
18 4 3
16 3 82
1 8 73
14 8 52
1 3 32
16 7 56
16 - 85
7 5 75
+ 13 62
+ 11 98
16 13 94
2 20 29
12 9 11
2 8 30
12 - 29
11 8 100
7 8 43
3 10 91
+ 18 37
2 19 30
1 5 51
9 15 66
12 4 56
3 13 15
19 10 39
1 15 24
2 10 22
9 14 36
17 19 30
18 19 47
18 11 70
1 7 56
20 14 79
12 6 53
6 18 30
5 4 34
4 19 43
2 - 94
+ 20 47
17 5 80
+ 19 12
7 20 80
12 7 29
3 14 1
3 - 61
18 20 63
9 20 26
15 10 96
4 20 63
7 14 11
+ 4 56
9 10 53
4 11 2
5 10 54
5 13 30
17 14 85
+ 17 82
+ 3 40
17 - 13
9 3 69
15 20 20
12 1 25
1 10 73
6 16 24
12 10 54
9 19 32
5 14 14
12 3 46
7 10 58
20 8 48
+ 7 12
19 13 1
15 11 53
16 11 66
6 14 8
2 11 31
10 - 50
16 8 22
+ 12 26
17 4 82
18 10 75
9 6 20
3 11 32
+ 1 73
20 11 98
16 20 46
9 8 76
16 143
14 10 75
5 2 50
6 14 18
1 10 32
6 9 43
5 - 9
5 3 81
13 15 69
6 2 3
5 13 82
16 - 63
14 - 89
8 7 6
6 4 2
11 4 43
14 3 9
6 8 47
+ 2 18
16 5 30
11 - 66
3 4 15
11 12 65
8 3 65
6 - 18
3 12 59
+ 8 66
6 3 85
+ 16 54
9 14 58
14 11 89
14 15 80
+ 7 47
10 - 100
16 11 44
12 15 84
2 15 41
7 1 85
16 4 3
5 10 59
8 - 81
2 - 79
7 9 49
11 15 4
11 2 65
6 5 98
9 3 34
+ 11 5
+ - 11
5 14 1
16 1 28
14 1 97
2 13 91
1 12 91
+ 10 39
9 11 46
+ 14 59
16 14 93
9 12 22
9 4 35
3 15 14
7 12 33
13 10 95
9 5 21
9 2 23
7 - 82
+ 15 17
10 15 18
13 - 10
1 11 58
9 10 5
11 3 36
5 11 68
7 10 83
9 1 100
2 12 72
+ 6 69
6 13 52
9 13 61
14 2 37
8 14 50
15 - 50
16 10 46
13 3 64
8 10 65
7 2 66
8 5 38
2 10 53
16 2 63
7 14 43
16 3 41
8 11 84
9 15 64
9 - 45
1 2 20
7 13 41
+ 3 46
13 12 2
5 15 18
1 15 35
5 12 63
8 12 84
+ 5 31
7 4 68
6 12 1
6 15 99
6 1 58
9 16 88
7 15 12
+ 13 15
8 2 79
7 5 69
10 4 26
8 16 84
14 4 6
10 3 67
8 15 47
3 - 12
6 7 65
6 16 79
1 - 36
12 4 100
4 - 25
+ 4 17
5 1 62
2 4 33
+ 1 61
16 15 76
7 16 74
7 3 23
12 - 11
15 4 78
1 4 73
1 13 7
11 10 76
6 10 34
8 9 98
+ 12 25
8 13 42
6 11 34
11 13 48
2 3 70
8 4 63
8 1 83
12 66
11 - 75
5 - 31
1 6 61
5 2 100
2 - 61
4 12 6
10 12 28
5 12 73
3 2 36
8 3 57
4 7 42
12 3 30
1 5 41
1 9 52
6 8 65
1 12 41
1 10 60
6 - 86
6 3 18
11 4 78
10 5 63
1 3 77
10 7 72
+ 7 87
11 8 46
8 12 94
11 2 65
+ 10 4
11 9 14
+ 1 45
4 9 4
11 7 32
9 7 4
6 12 75
12 2 58
4 10 50
11 6 26
9 5 94
+ 11 22
11 5 94
6 2 12
5 8 80
4 3 51
10 3 82
1 7 66
12 - 73
10 2 39
9 - 16
11 1 91
9 12 28
9 3 36
4 5 13
10 8 58
+ 9 30
11 3 14
4 6 35
4 - 21
+ 4 95
1 2 91
1 8 65
7 - 94
+ - 56
5 7 30
6 5 85
9 2 50
3 7 47
28 84
19 16 12
23 13 22
+ 9 13
6 7 56
17 28 25
27 16 48
6 1 71
24 9 62
7 24 63
6 25 4
27 26 2
6 10 12
18 25 93
7 14 80
11 1 34
24 - 35
25 16 37
19 27 44
24 8 25
19 9 34
+ 10 19
3 9 25
5 16 38
13 1 76
14 - 63
+ 21 85
2 4 98
9 16 97
18 19 97
3 2 98
14 4 18
19 10 47
13 2 22
24 26 94
13 24 20
10 8 72
3 25 46
11 24 81
28 2 15
23 24 83
1 4 67
11 3 99
19 25 66
11 23 67
22 3 31
24 2 34
3 15 18
18 16 2
6 13 62
18 6 43
15 25 89
22 17 32
17 2 46
27 20 77
26 25 7
21 4 35
21 24 53
22 24 76
12 9 3
5 27 100
22 8 9
17 20 41
22 7 6
10 20 60
12 14 65
3 7 100
21 7 86
15 24 1
+ 6 20
22 6 81
7 28 76
3 12 91
15 8 27
5 - 48
11 10 45
12 23 27
7 1 87
27 1 2
21 - 34
21 13 84
28 24 80
19 14 81
18 4 30
21 28 78
13 102
9 3 85
7 5 46
1 8 74
11 4 59
2 - 82
+ 6 8
9 12 42
+ - 100
12 - 24
12 6 92
2 6 26
11 2 89
7 3 26
12 8 36
10 12 45
12 3 45
9 13 37
11 7 66
13 - 36
10 13 84
6 - 80
11 5 28
11 - 70
1 2 66
8 13 73
10 8 2
9 2 86
7 6 44
+ 3 38
10 11 14
8 - 10
12 2 6
9 5 81
2 5 31
10 5 73
9 1 53
+ 11 19
6 3 2
10 - 35
10 9 4
5 13 83
+ 9 42
+ 2 100
9 - 25
10 4 52
+ 8 24
11 1 43
8 3 53
3 5 74
+ 1 1
+ 12 60
10 1 61
9 8 64
7 13 63
+ 13 62
4 8 35
11 3 56
7 2 37
11 6 22
12 13 15
10 2 9
9 6 27
11 8 54
+ 10 82
4 - 10
5 - 54
10 6 73
+ 7 70
+ 4 31
1 13 48
2 13 11
1 6 10
9 7 4
4 3 27
4 6 11
10 3 16
1 5 54
8 2 14
4 2 88
11 13 69
8 7 12
+ 5 80
1 3 36
12 7 47
6 13 90
9 4 14
3 13 94
1 4 56
11 9 42
4 12 64
1 12 79
11 12 57
8 6 53
4 13 79
3 - 3
7 - 92
12 5 74
6 5 70
2 3 14
1 7 2
4 7 30
1 - 7
50 149
+ 1 1
1 - 1
1 2 1
+ 2 1
2 - 1
2 3 1
+ 3 1
3 - 1
3 4 1
+ 4 1
4 - 1
4 5 1
+ 5 1
5 - 1
5 6 1
+ 6 1
6 - 1
6 7 1
+ 7 1
7 - 1
7 8 1
+ 8 1
8 - 1
8 9 1
+ 9 1
9 - 1
9 10 1
+ 10 1
10 - 1
10 11 1
+ 11 1
11 - 1
11 12 1
+ 12 1
12 - 1
12 13 1
+ 13 1
13 - 1
13 14 1
+ 14 1
14 - 1
14 15 1
+ 15 1
15 - 1
15 16 1
+ 16 1
16 - 1
16 17 1
+ 17 1
17 - 1
17 18 1
+ 18 1
18 - 1
18 19 1
+ 19 1
19 - 1
19 20 1
+ 20 1
20 - 1
20 21 1
+ 21 1
21 - 1
21 22 1
+ 22 1
22 - 1
22 23 1
+ 23 1
23 - 1
23 24 1
+ 24 1
24 - 1
24 25 1
+ 25 1
25 - 1
25 26 1
+ 26 1
26 - 1
26 27 1
+ 27 1
27 - 1
27 28 1
+ 28 1
28 - 1
28 29 1
+ 29 1
29 - 1
29 30 1
+ 30 1
30 - 1
30 31 1
+ 31 1
31 - 1
31 32 1
+ 32 1
32 - 1
32 33 1
+ 33 1
33 - 1
33 34 1
+ 34 1
34 - 1
34 35 1
+ 35 1
35 - 1
35 36 1
+ 36 1
36 - 1
36 37 1
+ 37 1
37 - 1
37 38 1
+ 38 1
38 - 1
38 39 1
+ 39 1
39 - 1
39 40 1
+ 40 1
40 - 1
40 41 1
+ 41 1
41 - 1
41 42 1
+ 42 1
42 - 1
42 43 1
+ 43 1
43 - 1
43 44 1
+ 44 1
44 - 1
44 45 1
+ 45 1
45 - 1
45 46 1
+ 46 1
46 - 1
46 47 1
+ 47 1
47 - 1
47 48 1
+ 48 1
48 - 1
48 49 1
+ 49 1
49 - 1
49 50 1
+ 50 1
50 - 1
50 149
+ 1 1
1 - 1
2 1 1
+ 2 1
2 - 1
3 2 1
+ 3 1
3 - 1
4 3 1
+ 4 1
4 - 1
5 4 1
+ 5 1
5 - 1
6 5 1
+ 6 1
6 - 1
7 6 1
+ 7 1
7 - 1
8 7 1
+ 8 1
8 - 1
9 8 1
+ 9 1
9 - 1
10 9 1
+ 10 1
10 - 1
11 10 1
+ 11 1
11 - 1
12 11 1
+ 12 1
12 - 1
13 12 1
+ 13 1
13 - 1
14 13 1
+ 14 1
14 - 1
15 14 1
+ 15 1
15 - 1
16 15 1
+ 16 1
16 - 1
17 16 1
+ 17 1
17 - 1
18 17 1
+ 18 1
18 - 1
19 18 1
+ 19 1
19 - 1
20 19 1
+ 20 1
20 - 1
21 20 1
+ 21 1
21 - 1
22 21 1
+ 22 1
22 - 1
23 22 1
+ 23 1
23 - 1
24 23 1
+ 24 1
24 - 1
25 24 1
+ 25 1
25 - 1
26 25 1
+ 26 1
26 - 1
27 26 1
+ 27 1
27 - 1
28 27 1
+ 28 1
28 - 1
29 28 1
+ 29 1
29 - 1
30 29 1
+ 30 1
30 - 1
31 30 1
+ 31 1
31 - 1
32 31 1
+ 32 1
32 - 1
33 32 1
+ 33 1
33 - 1
34 33 1
+ 34 1
34 - 1
35 34 1
+ 35 1
35 - 1
36 35 1
+ 36 1
36 - 1
37 36 1
+ 37 1
37 - 1
38 37 1
+ 38 1
38 - 1
39 38 1
+ 39 1
39 - 1
40 39 1
+ 40 1
40 - 1
41 40 1
+ 41 1
41 - 1
42 41 1
+ 42 1
42 - 1
43 42 1
+ 43 1
43 - 1
44 43 1
+ 44 1
44 - 1
45 44 1
+ 45 1
45 - 1
46 45 1
+ 46 1
46 - 1
47 46 1
+ 47 1
47 - 1
48 47 1
+ 48 1
48 - 1
49 48 1
+ 49 1
49 - 1
50 49 1
+ 50 1
50 - 1
19 173
+ 1 1
19 - 1
1 2 1
1 3 1
1 4 1
1 5 1
1 6 1
1 7 1
1 8 1
1 9 1
1 10 1
1 11 1
1 12 1
1 13 1
1 14 1
1 15 1
1 16 1
1 17 1
1 18 1
1 19 1
2 3 1
2 4 1
2 5 1
2 6 1
2 7 1
2 8 1
2 9 1
2 10 1
2 11 1
2 12 1
2 13 1
2 14 1
2 15 1
2 16 1
2 17 1
2 18 1
2 19 1
3 4 1
3 5 1
3 6 1
3 7 1
3 8 1
3 9 1
3 10 1
3 11 1
3 12 1
3 13 1
3 14 1
3 15 1
3 16 1
3 17 1
3 18 1
3 19 1
4 5 1
4 6 1
4 7 1
4 8 1
4 9 1
4 10 1
4 11 1
4 12 1
4 13 1
4 14 1
4 15 1
4 16 1
4 17 1
4 18 1
4 19 1
5 6 1
5 7 1
5 8 1
5 9 1
5 10 1
5 11 1
5 12 1
5 13 1
5 14 1
5 15 1
5 16 1
5 17 1
5 18 1
5 19 1
6 7 1
6 8 1
6 9 1
6 10 1
6 11 1
6 12 1
6 13 1
6 14 1
6 15 1
6 16 1
6 17 1
6 18 1
6 19 1
7 8 1
7 9 1
7 10 1
7 11 1
7 12 1
7 13 1
7 14 1
7 15 1
7 16 1
7 17 1
7 18 1
7 19 1
8 9 1
8 10 1
8 11 1
8 12 1
8 13 1
8 14 1
8 15 1
8 16 1
8 17 1
8 18 1
8 19 1
9 10 1
9 11 1
9 12 1
9 13 1
9 14 1
9 15 1
9 16 1
9 17 1
9 18 1
9 19 1
10 11 1
10 12 1
10 13 1
10 14 1
10 15 1
10 16 1
10 17 1
10 18 1
10 19 1
11 12 1
11 13 1
11 14 1
11 15 1
11 16 1
11 17 1
11 18 1
11 19 1
12 13 1
12 14 1
12 15 1
12 16 1
12 17 1
12 18 1
12 19 1
13 14 1
13 15 1
13 16 1
13 17 1
13 18 1
13 19 1
14 15 1
14 16 1
14 17 1
14 18 1
14 19 1
15 16 1
15 17 1
15 18 1
15 19 1
16 17 1
16 18 1
16 19 1
17 18 1
17 19 1
18 19 1
0 0
